Kruskal
0.038
3000
2999
1162945
1 253 66
1 1035 387
1 1110 135
1 1224 150
1 1400 71
2 1475 157
2 2607 206
3 624 783
4 182 34
4 876 354
4 2149 297
4 2537 278
5 28 104
5 1582 438
5 2587 777
6 893 123
6 957 98
7 588 700
8 2141 544
9 1247 157
9 1528 383
10 1161 169
10 2713 249
11 2926 143
12 1169 714
13 2459 268
14 280 87
14 809 124
15 675 449
16 2054 261
17 1059 239
18 2245 440
18 2568 499
19 1252 279
19 1549 37
19 2659 189
20 623 356
21 932 202
21 1253 148
21 2677 193
22 1222 273
23 408 90
23 1991 449
24 2717 1415
25 459 560
25 1278 65
26 329 83
26 642 1110
27 203 365
27 310 203
27 2355 394
28 1827 395
28 2128 401
29 1380 39
30 1905 234
30 2294 260
31 2181 562
32 746 1082
33 364 732
33 1023 275
33 2138 26
34 2157 718
35 497 234
35 1280 61
36 1607 419
37 646 623
37 1397 527
38 2291 354
39 119 609
39 1157 193
40 2542 588
41 2594 134
42 1379 1397
43 350 341
43 1115 556
44 747 15
44 1170 97
44 1180 783
44 2236 38
45 441 682
46 1005 584
46 1496 474
47 154 270
47 1735 132
47 1919 8
47 2603 183
48 802 259
48 2250 79
48 2456 388
49 2071 347
49 2793 159
50 974 326
50 2953 999
51 2852 187
52 2494 45
53 750 451
53 1386 774
53 2213 485
54 489 201
54 2404 296
55 1518 1001
56 817 212
56 1342 166
57 1144 476
57 1218 158
57 2649 208
58 983 117
58 2316 299
59 1134 131
59 2998 75
60 1294 54
60 2074 392
61 1640 356
61 1672 412
61 2111 90
62 1126 21
62 1440 164
63 386 325
64 2200 67
65 2348 437
66 598 101
66 1130 27
66 1934 128
67 2968 791
67 3000 1002
68 1337 936
69 600 424
69 1842 20
70 2860 548
71 1502 6
71 2990 262
72 1098 38
73 811 129
73 2239 16
74 441 290
74 2067 352
75 119 268
76 737 76
76 1980 303
77 721 845
77 2677 574
78 2171 184
79 281 194
79 1918 202
80 2496 449
81 563 631
81 1867 40
81 2802 658
82 532 280
82 883 331
83 2695 338
83 2927 233
84 2480 873
85 1271 233
86 1439 133
86 1528 418
86 2904 317
87 2040 521
88 1942 68
88 2123 303
89 212 459
90 2578 521
91 1439 731
92 1141 148
92 1745 44
93 1393 1914
94 196 88
94 1058 20
95 1211 53
95 1687 426
96 207 196
97 245 490
97 2403 424
98 2693 179
99 2494 262
100 1070 247
100 2100 444
101 1245 774
101 1543 959
101 1736 687
101 2084 501
102 405 420
102 884 510
103 1269 907
104 178 1199
105 2078 767
106 1797 189
106 2646 342
107 1531 110
107 1778 493
107 2512 153
108 325 87
108 1304 213
108 2146 78
109 2291 470
110 681 727
110 1881 415
111 1721 1204
112 1000 208
112 2688 40
112 2903 281
113 2549 256
114 120 529
114 2058 192
114 2632 456
115 181 598
115 2536 790
115 2560 550
116 1450 374
117 1310 114
117 2443 74
118 713 772
118 1449 289
119 365 595
120 1414 664
121 140 90
121 1257 793
122 184 362
122 956 67
122 1367 380
122 1808 219
123 607 396
123 1453 281
123 1762 338
124 2836 1143
125 2499 692
126 1378 1361
127 758 125
128 761 202
129 145 61
129 1976 451
130 2727 706
131 372 309
131 730 516
132 211 123
132 596 429
133 995 125
133 1137 653
133 2402 163
134 839 812
134 2518 399
135 343 40
135 762 241
136 243 295
136 1637 49
136 2282 177
137 1775 805
138 2689 411
138 2779 661
138 2921 70
139 921 556
139 2151 422
139 2285 129
140 159 462
141 2074 826
142 2842 659
143 1018 923
143 1694 712
144 2296 664
145 1100 9
145 2523 363
146 2986 670
147 1644 358
147 2446 337
148 1047 383
149 211 543
149 1601 17
150 968 178
150 2348 250
151 1789 228
151 2096 29
152 1215 691
152 1738 25
153 1597 309
154 1916 109
154 2984 66
155 2408 648
156 520 1151
156 812 4
156 1773 297
156 2206 481
157 672 448
157 1277 370
158 2917 602
160 1286 316
160 2057 645
161 2480 611
162 1829 547
163 2619 890
164 473 243
164 1091 232
164 1767 239
165 1708 961
166 465 985
166 1780 393
166 2209 605
167 1001 727
168 312 121
168 2315 324
168 2520 130
169 2041 973
169 2515 789
170 2768 438
171 1454 18
172 831 1177
173 1181 59
173 1450 653
173 1663 313
174 378 148
174 1357 935
175 1931 549
176 1559 149
176 2018 469
176 2659 168
177 1376 89
177 2954 482
178 1426 572
178 2102 250
179 919 458
180 2564 899
181 506 477
181 541 2864
182 776 15
182 2685 129
183 955 140
185 1667 373
185 2062 830
186 1556 534
187 1363 317
187 1606 230
188 2121 844
189 1598 93
189 2044 400
189 2164 225
189 2720 64
190 2358 190
190 2925 819
191 1591 840
192 1094 895
193 1166 24
193 2116 296
194 558 22
195 1725 1252
196 461 405
196 877 490
196 1886 355
196 1932 195
197 1224 34
198 1115 194
199 315 258
199 550 270
199 1158 347
200 1060 314
200 1700 1364
201 542 748
201 1937 337
201 2523 196
202 239 267
204 2242 510
204 2784 411
205 249 320
205 772 315
206 1775 102
206 2740 478
206 2934 437
207 2722 112
207 2782 83
208 2222 391
208 2736 668
209 354 876
209 1793 958
210 1196 631
211 1315 119
212 487 277
212 2579 152
213 1850 238
213 1941 269
214 950 224
214 1972 547
215 779 761
215 2152 992
216 1194 706
217 2442 532
218 897 284
218 1383 1213
218 2184 501
219 519 332
219 2417 487
219 2554 438
220 381 392
220 935 287
221 1093 752
222 1897 564
223 2668 917
224 1520 389
224 1813 133
224 2530 428
225 679 223
225 1311 432
225 1312 1000
226 1187 984
226 1967 338
226 2747 525
227 1136 94
227 2717 246
228 1407 201
229 617 405
229 755 431
229 1943 348
229 2095 374
230 1421 384
230 1790 801
230 1811 402
230 1817 312
231 2163 308
231 2991 162
232 1548 63
233 645 408
233 1781 271
233 2580 1631
234 268 270
234 1034 659
235 1380 68
235 1962 395
236 438 293
236 512 50
236 1299 262
236 1470 459
237 702 372
237 1858 277
237 2122 217
238 390 973
239 2983 68
240 2983 55
241 1482 263
241 1731 381
241 2363 453
242 1131 314
242 1752 274
242 1950 464
243 355 17
243 722 790
244 336 27
244 1730 457
245 838 419
245 857 243
246 2786 500
247 318 124
247 1964 304
248 423 352
249 1521 72
250 2433 1667
251 940 500
251 2896 749
252 439 547
252 1740 448
254 2418 49
255 317 724
255 1027 954
255 2231 503
256 2692 415
257 346 641
257 436 744
257 530 308
257 706 202
258 797 410
258 1710 90
259 2405 476
260 1643 821
260 2269 1238
261 1846 374
261 2338 576
262 2348 54
262 2641 162
263 581 132
263 1133 185
263 2753 189
264 2303 368
264 2948 338
265 359 140
265 472 135
265 476 231
265 924 610
266 1622 130
267 2528 11
268 496 665
268 1847 302
269 1206 940
269 1711 916
270 2044 656
271 496 1664
272 2830 848
273 1494 385
273 2064 508
274 625 151
274 641 186
275 305 287
275 1771 123
276 423 783
277 538 420
277 893 477
277 1909 400
278 739 168
278 2272 473
278 2713 82
279 2519 1
281 392 95
281 989 225
281 1342 104
281 2741 242
282 569 159
282 1968 61
283 2475 655
284 2113 746
285 1006 385
285 1979 332
285 2486 580
285 2711 518
286 644 194
286 2835 683
286 2944 333
287 669 119
287 1937 50
288 1780 1180
289 343 288
289 955 7
290 875 506
290 2697 57
291 1621 166
291 2553 260
292 703 810
293 842 310
294 1474 17
295 928 1095
296 1844 405
297 792 754
298 395 1224
299 2985 136
300 334 110
300 2782 563
301 2172 416
301 2245 113
302 1309 516
302 2652 167
302 2732 1730
303 1008 512
303 2110 220
304 2189 283
304 2481 573
304 2918 563
306 558 458
307 2846 784
308 1626 127
308 2271 100
309 578 188
309 2014 176
309 2132 61
309 2854 127
311 1851 88
311 2494 160
311 2635 32
311 2906 162
312 1015 482
313 326 38
313 1253 57
313 1364 161
314 428 345
314 1016 305
315 1049 720
316 1074 645
316 2167 8
316 2169 129
317 1063 570
319 1844 388
319 2432 197
320 945 91
320 2939 469
321 2835 668
322 1570 93
322 1703 511
323 1195 255
323 2581 108
324 1646 94
325 379 88
325 1444 28
325 2013 713
327 1986 573
327 2127 133
327 2299 857
328 707 634
328 2448 277
330 872 337
330 1226 485
331 1633 149
332 2722 649
333 884 12
333 1557 233
333 2641 191
335 1882 528
335 2101 159
336 2382 132
336 2548 367
337 2704 373
337 2748 695
338 2210 1615
339 1246 23
340 861 77
341 415 499
342 2860 175
343 866 37
344 1749 647
344 1971 744
344 2136 205
345 612 1441
345 1276 19
346 725 310
347 2978 119
348 2486 190
349 491 43
349 2495 376
350 668 10
350 1289 354
351 2830 1068
352 791 442
352 1096 492
352 1545 491
353 1249 494
353 2679 464
354 1113 429
354 1431 233
354 2483 59
355 452 228
355 995 134
355 1511 528
355 1860 171
356 1382 970
356 1570 309
356 1899 199
356 2785 163
356 2811 5
357 2195 268
357 2201 256
358 2157 439
359 375 27
359 2739 5
360 1673 641
360 1826 635
361 2153 869
362 1342 183
363 2632 817
364 1120 455
366 970 619
367 2484 119
368 567 378
368 691 429
368 1668 282
369 967 528
370 1068 620
371 2911 349
373 2516 178
374 1891 754
375 2500 166
376 1361 664
376 2551 199
377 1479 68
378 406 636
378 1909 188
378 2507 284
378 2772 112
379 2098 19
380 1729 110
380 1824 320
380 1997 873
380 2527 59
380 2612 193
380 2699 561
381 655 970
381 2765 125
382 2034 576
382 2537 252
383 1423 463
383 2585 375
384 2833 7
385 1412 799
386 1325 85
386 1999 102
387 1628 919
387 2432 431
387 2639 78
388 488 60
389 401 338
389 1166 672
390 791 757
391 2501 230
391 2613 391
391 2815 541
392 1755 756
393 1675 452
393 2660 425
394 2684 110
395 2389 677
396 1625 514
396 2867 498
397 1038 664
398 2209 174
398 2786 246
399 1362 464
399 1955 335
400 1719 259
400 1756 31
400 2003 242
400 2233 940
400 2468 142
400 2597 164
402 692 481
402 1471 470
402 1734 341
403 2013 702
404 1353 77
405 1504 85
407 1264 631
407 1970 1172
408 947 375
408 1199 40
408 1785 199
409 2015 10
409 2518 875
410 537 778
411 2099 355
411 2554 210
412 1663 99
413 801 562
413 938 45
414 1024 177
414 1902 221
414 2266 167
415 1228 302
416 1399 25
416 1610 314
417 883 77
417 2750 180
418 983 457
419 2471 753
420 727 35
421 986 308
422 1441 523
422 1550 319
423 672 482
424 1734 100
425 1478 395
425 2224 275
426 1041 243
427 1140 182
428 2166 100
429 2195 934
430 2436 336
431 1130 144
432 1748 613
432 2928 488
432 2987 84
433 1433 466
433 1711 413
433 2878 116
434 1567 109
435 752 185
435 2108 101
437 534 631
437 799 247
439 1891 96
440 1404 248
441 509 283
442 657 10
442 1836 85
442 2556 308
443 619 686
444 506 14
445 1570 48
445 2023 599
445 2876 20
446 2503 315
446 2831 127
446 2868 17
447 2118 95
448 1484 606
448 1951 146
449 1297 509
450 479 660
451 692 330
452 657 94
453 696 218
453 1834 380
454 780 276
454 1281 69
455 2527 296
456 812 380
456 2476 150
457 705 558
457 1369 279
457 2004 166
458 2334 682
460 1032 169
460 1177 391
460 2246 132
461 1688 76
461 1751 487
462 1811 1274
463 1789 499
464 2170 117
464 2400 63
466 2033 1191
467 673 197
467 2216 91
468 2240 429
469 2686 334
470 1413 1184
470 2979 863
471 1439 661
472 1356 179
472 2221 163
473 756 27
474 1822 189
475 2390 407
475 2595 911
476 1135 365
476 1530 419
476 1819 285
476 2889 218
477 682 90
478 848 720
479 1258 354
480 2701 313
480 2704 179
480 2988 169
481 1317 169
482 970 416
482 2177 661
482 2632 56
483 2457 612
484 1246 772
485 1064 498
486 1121 86
486 2067 252
488 1274 127
488 2427 247
489 1804 132
489 1957 426
490 1785 727
491 2795 124
491 2874 603
492 690 4
492 1251 1731
492 1340 156
492 2867 329
493 2729 856
494 2232 462
495 2253 474
495 2735 231
496 2283 99
496 2505 126
497 2211 148
498 1767 347
498 2589 153
499 1043 346
499 2067 618
500 1501 522
501 946 22
502 2396 312
503 1416 34
503 1606 81
504 971 248
504 1008 75
504 1261 503
505 646 284
505 1125 695
505 2266 173
506 1947 294
506 2955 18
507 758 470
507 1702 589
507 2630 419
508 965 973
510 2234 885
511 1849 66
511 2727 1606
512 1373 228
513 1298 44
513 1560 107
514 555 408
514 1669 21
514 1815 65
514 2319 666
515 602 140
515 2804 104
515 2860 338
516 987 289
517 603 98
517 2255 280
517 2355 180
517 2457 287
517 2612 105
518 1004 82
518 2482 138
519 1954 587
519 2805 577
521 568 387
522 611 1825
522 2094 470
523 2942 1632
524 613 637
525 594 131
525 756 19
526 1463 552
527 732 6
528 1172 854
529 1151 692
529 1560 34
530 747 233
530 2295 929
531 881 537
531 2085 161
531 2252 87
533 1030 232
533 2755 136
534 1968 3
535 2071 596
536 2557 199
537 773 481
537 1829 532
538 703 180
538 1038 230
538 1336 482
539 901 198
540 2451 445
543 952 310
543 1164 396
543 1271 407
543 2964 363
544 2552 464
544 2599 185
544 2817 354
545 1559 23
546 2704 348
547 2165 541
547 2915 325
548 2204 257
549 1260 899
551 901 70
551 1830 46
551 2914 357
552 2300 612
553 746 110
554 1842 347
555 670 66
555 674 33
555 1321 207
556 1405 758
556 1580 791
556 2368 405
556 2665 402
557 671 729
558 592 549
558 1611 409
558 2602 159
559 573 424
559 1037 300
559 1171 554
559 1662 207
560 2852 476
561 1215 165
562 2563 879
564 2109 1089
565 1133 431
565 1548 479
565 1992 395
565 2484 279
566 1618 24
568 1542 188
568 2305 44
569 2656 223
569 2865 731
570 2401 286
570 2701 135
571 1624 310
571 2528 407
572 1852 45
572 2382 146
573 1009 320
573 2750 77
574 1529 1822
575 2563 333
576 2179 714
577 1838 304
578 736 308
578 1539 136
578 1642 301
579 1848 179
579 1926 399
579 2812 59
580 2233 184
581 964 192
581 1305 81
582 2115 433
583 874 642
583 1592 364
584 1045 369
584 1758 229
585 1570 240
585 1869 1969
585 2138 39
586 1526 43
587 691 216
587 1189 248
587 1322 39
587 2038 1380
587 2170 256
588 763 853
588 2020 303
588 2951 412
589 1021 919
589 1390 186
589 2458 158
590 1611 262
590 2904 240
591 1096 628
593 626 152
593 2119 487
594 991 472
594 2798 703
595 702 828
596 842 314
596 2479 292
597 1642 573
597 2861 477
598 2373 543
599 1001 229
599 1129 113
599 2473 99
600 822 355
601 981 446
601 1261 738
601 2118 112
604 720 18
604 2994 125
605 2293 531
605 2362 616
605 2863 456
606 1725 555
606 1851 343
607 1681 28
607 2825 124
608 2866 1145
609 1658 253
609 2660 335
610 1943 43
613 1627 454
613 1891 10
614 708 788
614 1136 244
614 1939 547
615 1574 779
615 2566 542
616 2376 622
617 1884 306
617 2656 58
617 2692 21
618 1965 393
619 2254 621
620 1570 401
620 2414 427
620 2746 471
620 2778 168
621 2521 539
622 1668 589
623 1045 554
624 2600 147
625 2074 119
625 2195 186
625 2483 184
625 2828 350
626 2694 161
627 1292 37
627 2839 291
628 2911 825
629 811 170
629 1425 861
629 2355 84
630 1056 162
630 1420 216
631 1668 463
631 2558 925
632 2590 311
632 2616 221
633 671 487
633 890 345
633 2754 121
634 1703 859
635 1895 66
635 2678 563
636 1002 198
636 1522 115
637 1348 659
638 2522 676
638 2938 660
639 1768 1045
639 1924 669
639 2328 1493
640 840 20
640 1221 239
641 1700 518
642 1262 565
642 1905 10
643 831 438
643 2406 599
643 2920 447
645 899 1185
645 966 674
645 1656 281
646 941 129
647 978 33
647 1602 28
647 2381 13
648 1038 245
649 674 399
649 1025 230
649 1343 271
649 2249 286
649 2462 819
649 2618 29
650 1122 255
650 1237 1050
650 2262 460
650 2680 568
650 2977 452
651 1576 217
651 1983 323
651 2803 324
652 749 523
652 2002 152
652 2943 10
653 2266 52
654 1003 354
654 1562 116
654 1955 433
655 2715 1088
656 702 324
657 2229 74
658 2220 176
659 731 402
660 1561 429
661 1579 336
662 1944 378
662 2668 49
663 924 495
663 1225 471
664 1278 369
664 1459 277
665 1126 2226
666 1758 291
666 2723 294
667 937 1004
668 916 548
668 2752 368
669 2551 459
675 810 509
675 2139 291
675 2956 631
676 2336 186
677 1739 401
678 2206 5
679 2292 467
679 2939 129
680 1940 304
680 2724 552
681 2294 652
682 2366 66
682 2446 317
683 1497 402
683 1737 42
684 2383 122
684 2837 351
685 965 649
686 1733 408
686 2369 537
687 2892 684
687 2941 380
688 1367 859
689 2528 170
690 2666 203
691 1132 56
691 1445 39
691 2343 177
692 2742 15
693 2794 891
694 1279 1636
695 863 186
696 1014 220
697 2827 351
698 2267 652
698 2286 1098
699 2589 8
700 908 393
700 1143 1489
700 2869 414
701 1334 143
701 2787 632
702 1084 510
702 1564 111
702 2168 91
703 2297 414
704 780 885
706 851 191
706 1965 290
707 1771 173
709 951 190
710 1267 858
711 1623 589
711 2086 1285
711 2209 264
712 1950 617
712 2216 518
714 2751 316
715 906 880
716 964 193
716 979 225
717 732 107
717 1371 490
718 1893 54
718 2087 113
718 2169 406
719 963 4
719 2491 218
720 1505 353
720 1689 24
720 1843 378
720 1876 14
720 2771 1015
720 2845 124
723 2515 388
724 1741 533
724 2969 21
726 1243 134
726 2668 16
727 1438 367
728 1523 202
728 2275 254
729 1085 251
729 1249 230
729 2217 409
729 2556 430
730 933 504
731 765 559
731 1354 128
732 1328 303
732 2401 23
733 1188 10
733 2313 1805
734 1799 286
734 1918 218
735 1600 50
735 2546 208
736 1156 96
737 1240 69
737 2367 273
738 2445 355
738 2976 354
739 1236 896
739 1411 277
740 1906 1200
741 783 1427
741 1670 422
741 1826 335
742 1158 24
743 1352 439
743 1858 53
744 837 240
744 1257 219
744 1277 247
745 2494 111
746 1624 380
748 1371 230
751 1079 256
751 2851 219
752 1385 366
752 2140 209
752 2765 23
753 2285 236
754 2017 142
756 2949 438
757 1656 1417
759 1684 702
760 1708 537
761 1588 705
762 1863 138
762 2196 669
762 2889 119
764 1393 247
764 1443 548
765 1825 565
765 1859 402
766 1662 356
767 1656 174
767 1685 197
767 2595 375
768 2449 166
769 2712 56
770 1995 54
771 1532 581
774 2371 199
774 2489 381
775 1367 958
776 1052 81
776 1184 163
776 2655 381
777 1552 301
778 1269 618
779 1666 668
780 1109 339
780 2483 285
780 2919 256
781 2479 436
782 2228 408
782 2937 560
784 1483 416
785 979 40
785 1444 77
785 1921 198
785 2007 572
785 2201 317
785 2460 13
785 2499 142
786 819 364
786 1391 293
786 2317 1243
787 1506 1584
787 2416 234
788 2458 236
789 1467 465
789 2670 318
790 1569 1468
791 2505 395
792 909 288
793 908 1257
794 2841 569
795 2271 292
796 822 617
797 2445 5
798 2587 1107
799 1615 1062
800 2643 10
802 1932 98
803 2880 181
804 2535 157
805 1772 232
805 2314 261
806 1238 156
806 1510 351
807 1697 214
807 2059 320
807 2169 220
808 2474 107
809 1101 132
809 1244 522
810 2936 1029
811 1669 345
812 2394 171
813 2700 1314
814 1769 219
815 1598 401
816 1216 238
816 1973 83
817 2324 363
817 2427 24
818 1789 844
820 1497 377
820 2031 24
820 2791 367
821 1025 140
822 2238 363
823 1093 311
823 2972 533
824 1674 537
824 2633 454
825 2243 257
826 927 822
826 1647 168
826 1649 52
826 1771 154
826 2545 105
826 2661 1031
827 1566 655
828 2962 638
829 1695 292
830 859 149
832 1660 23
833 1159 843
834 2792 168
834 2968 783
835 2378 159
836 2248 87
837 1499 685
837 2268 155
838 978 234
838 2246 355
840 908 201
840 2065 45
840 2251 101
840 2877 730
841 1010 760
841 1800 93
841 2000 441
842 949 66
842 1665 286
842 1734 65
842 1801 455
842 2819 219
843 1280 381
844 2348 139
845 1012 152
845 1596 432
845 1662 446
846 2143 215
847 901 125
848 1007 258
849 1430 349
849 2014 214
850 2423 224
851 2479 344
852 1581 470
852 2601 104
853 1349 190
853 1741 9
854 2084 319
854 2322 551
854 2707 336
854 2833 326
854 2875 62
855 1501 483
856 1446 349
856 2950 210
858 2686 422
859 880 439
860 1394 456
860 1776 276
861 1159 441
861 1481 317
861 2130 790
861 2588 1554
862 2756 850
863 2607 1188
864 1537 269
864 2850 81
865 1587 449
867 2742 544
868 2111 1035
868 2525 1803
869 1873 8
870 2274 558
871 1789 159
871 2507 130
872 948 189
873 1094 752
875 1666 536
875 1727 206
878 2502 939
879 2246 736
880 1643 90
881 1534 549
882 1250 516
883 1070 268
885 1201 110
885 2397 762
886 910 638
886 2361 71
887 922 503
887 2324 703
888 2185 977
888 2392 847
888 2863 477
889 1255 371
889 2055 630
889 2282 362
889 2351 289
890 1501 199
890 2578 377
891 1066 890
892 1768 1349
893 911 1505
894 2088 125
894 2272 21
895 1694 1573
896 2216 1016
898 2308 97
900 1411 569
901 2021 128
901 2640 114
902 2852 711
903 2780 1295
904 1929 201
904 1960 264
904 2710 129
905 1876 1074
906 2942 858
907 1333 400
907 1645 465
908 1066 904
908 2971 258
909 2599 156
912 1948 545
912 2169 250
912 2910 307
913 1139 483
914 2658 531
914 2917 172
915 2449 155
915 2584 429
917 1657 1658
918 2452 1668
919 1302 1412
919 2259 350
920 1653 205
920 1989 110
921 2012 1
922 960 402
923 953 525
923 2415 334
925 1580 484
926 1193 526
928 2457 519
929 1647 828
930 2319 867
931 993 321
932 1684 243
933 1296 370
934 1759 496
936 2323 152
936 2844 26
936 2859 695
937 1579 65
938 2879 365
938 2990 246
939 1480 146
939 2524 696
940 2098 497
942 1498 221
942 2731 471
943 1235 226
944 2697 57
944 2784 257
944 2917 321
945 2668 315
946 1273 75
946 2017 27
947 1599 184
947 2188 148
947 2451 287
948 2249 267
949 1868 361
950 2548 224
951 1309 609
952 2100 208
952 2161 358
953 2301 676
954 1192 267
954 1301 649
954 2881 129
954 2962 78
957 1348 267
957 2278 1898
958 2000 304
958 2959 381
959 1843 187
961 1535 131
961 1908 193
961 2364 396
962 1792 76
962 2097 288
962 2099 289
962 2117 296
963 2707 96
965 2750 334
967 1495 186
967 2487 13
967 2855 551
968 1369 27
968 2736 592
968 2813 484
969 2840 232
969 2934 330
970 2375 164
971 1495 723
972 2960 1077
973 1403 280
974 2442 629
974 2673 13
975 1936 525
975 2716 544
976 1217 643
977 2635 696
978 1372 507
978 1702 449
979 2820 407
980 1487 67
980 1634 836
982 2587 153
983 1522 241
984 1987 624
984 2947 536
985 1088 209
985 1598 34
985 2786 449
986 1055 200
987 1031 358
988 1582 525
988 2056 279
989 1484 173
989 2277 313
989 2973 232
990 2608 123
992 1520 382
993 1466 188
993 2961 42
994 1984 412
995 2036 411
996 2496 139
996 2676 401
996 2690 57
997 1435 341
998 2412 453
999 1283 143
999 1439 507
1000 2838 833
1001 2516 319
1001 2908 278
1002 2983 296
1003 1338 394
1003 2981 84
1004 1459 340
1004 2550 469
1004 2787 207
1004 2834 292
1006 1682 37
1006 2539 350
1007 1018 624
1007 1050 113
1008 1028 653
1008 2538 417
1011 1244 41
1013 1892 259
1014 1448 544
1015 1754 863
1016 2203 136
1017 2737 698
1018 2829 99
1019 1228 159
1019 2103 97
1020 2321 145
1022 1113 163
1022 1938 234
1023 2881 274
1023 2932 263
1024 2804 9
1026 2115 326
1028 1894 945
1029 2652 491
1029 2848 260
1030 1297 452
1030 1449 84
1030 1490 858
1030 2366 398
1031 2014 538
1032 1757 324
1033 2569 186
1034 2339 399
1035 1931 18
1035 2623 339
1036 1214 475
1036 2805 202
1037 1140 299
1037 1773 133
1038 2777 269
1039 2059 146
1040 1995 354
1041 1836 404
1041 2405 376
1042 1529 181
1042 1760 159
1042 2648 210
1043 2780 438
1044 1190 48
1044 1391 160
1045 2926 218
1046 2069 631
1047 2924 187
1048 1280 359
1049 2986 1014
1050 1244 255
1050 2467 225
1051 1375 565
1052 2194 474
1053 1781 452
1054 2686 777
1055 1527 414
1056 1473 471
1056 2698 835
1057 1853 477
1057 2624 447
1059 1516 773
1061 2675 397
1061 2913 228
1062 2214 1294
1063 2053 702
1064 2208 94
1065 1193 101
1065 2050 540
1065 2632 183
1067 2515 407
1068 1953 31
1068 2892 306
1069 2913 411
1070 1578 502
1071 1388 838
1072 2371 276
1073 1536 170
1073 1757 117
1073 2015 471
1075 1878 232
1075 1897 135
1075 2842 363
1076 1259 263
1077 1437 107
1077 1594 486
1077 1621 352
1077 2761 232
1078 2131 399
1079 1438 186
1080 1103 1053
1080 1285 815
1081 2220 392
1081 2383 316
1082 2699 505
1083 2721 607
1083 2872 6
1084 2691 2005
1085 1923 598
1086 1241 264
1086 1774 729
1086 1929 264
1087 1673 1566
1089 1716 1429
1089 2358 443
1090 2676 537
1092 1141 440
1092 1691 525
1093 1311 56
1093 1629 1119
1093 1963 1354
1094 1655 280
1095 2918 951
1097 1983 165
1097 2053 84
1098 2215 58
1099 1310 622
1099 2261 772
1101 1523 487
1102 1223 80
1103 1950 422
1104 1193 21
1104 1324 351
1104 2564 194
1105 1496 327
1105 2412 22
1105 2961 21
1106 1961 345
1106 2480 230
1106 2573 697
1107 1157 1410
1108 1132 792
1110 2455 500
1111 1273 799
1111 1284 229
1111 2626 789
1112 2510 236
1114 1179 1353
1114 1770 432
1114 2171 296
1114 2223 512
1115 1696 38
1116 2927 140
1117 1987 206
1118 2051 611
1118 2627 830
1119 1446 123
1119 2519 719
1119 2604 269
1121 1328 201
1122 2725 421
1123 1738 66
1123 2573 25
1123 2642 394
1124 1981 259
1126 1332 117
1126 1845 210
1126 1861 472
1127 2134 141
1127 2327 138
1128 1517 512
1129 1645 43
1131 2478 575
1132 2503 381
1133 1772 8
1133 2515 564
1133 2624 229
1134 1242 61
1134 2469 339
1135 1370 258
1135 1746 15
1136 2926 276
1137 2434 200
1138 1950 378
1138 1980 343
1139 1658 384
1140 1815 145
1140 1882 495
1142 2181 873
1144 1610 199
1145 1814 407
1145 2213 473
1146 1737 220
1146 1850 240
1146 2066 795
1146 2681 336
1147 1400 141
1147 2848 179
1148 1157 75
1148 1683 1136
1149 1732 465
1149 1818 387
1150 3000 216
1152 1821 1962
1152 2229 3
1152 2488 23
1153 1550 503
1153 2094 194
1154 1819 394
1155 1773 455
1155 2200 307
1156 1168 777
1157 1260 488
1157 1345 143
1158 2401 516
1159 1305 335
1159 1513 99
1159 1769 530
1160 1189 955
1160 1360 662
1161 1932 212
1162 1613 222
1163 1389 1256
1165 1698 1169
1166 2186 458
1166 2347 385
1167 2119 689
1169 1655 469
1170 1586 205
1170 2548 437
1172 1693 21
1172 2453 635
1172 2917 136
1173 2090 472
1173 2999 517
1174 1208 333
1174 2832 17
1175 2108 2605
1176 1217 46
1176 2534 791
1177 1978 151
1177 2234 711
1177 2299 298
1177 2349 283
1178 2412 58
1180 2890 407
1181 2851 92
1182 1819 342
1182 2136 423
1182 2852 196
1183 1981 176
1183 2251 77
1183 2681 398
1184 1280 97
1184 2124 40
1185 1737 288
1186 1531 401
1188 1738 462
1188 2702 186
1189 2696 653
1191 1689 257
1191 1889 93
1193 1447 487
1193 1855 398
1194 1432 174
1195 2905 20
1196 1249 232
1197 1708 580
1197 2376 526
1197 2377 419
1197 2557 257
1198 1644 580
1199 2408 198
1200 1515 1327
1200 1568 612
1200 1767 51
1200 1841 75
1200 2212 316
1201 2884 377
1202 2573 339
1203 1796 425
1203 1927 665
1204 2357 554
1204 2760 149
1205 2282 918
1207 2120 309
1208 1739 317
1209 2028 682
1210 1218 28
1211 2475 78
1212 2097 953
1213 1632 437
1214 2191 602
1217 2240 7
1218 1358 620
1218 2581 248
1218 2825 354
1218 2940 668
1219 1492 748
1219 2051 573
1220 1568 1331
1222 2112 535
1223 1715 324
1223 2660 94
1224 1427 36
1224 2818 16
1225 2762 774
1226 2227 904
1227 1504 134
1228 1924 163
1228 1933 135
1228 2057 565
1229 1427 102
1229 2121 130
1230 1379 1132
1230 1421 53
1230 1677 388
1231 1307 1076
1231 1696 496
1231 1838 189
1232 1650 305
1232 1837 153
1232 2148 368
1232 2351 172
1233 1924 374
1233 2300 226
1233 2621 97
1233 2682 337
1234 2699 1091
1235 1462 859
1235 1468 254
1235 2419 641
1235 2654 322
1238 1913 436
1238 2176 222
1238 2689 357
1239 1898 908
1240 2067 170
1241 1264 553
1242 1474 897
1242 2008 754
1242 2290 446
1244 1398 273
1246 1315 231
1246 2291 64
1246 2309 77
1247 1468 403
1248 1422 15
1248 2327 378
1248 2564 331
1248 2733 36
1249 2979 652
1250 2357 63
1252 1329 156
1252 2411 189
1254 1814 916
1254 1871 165
1254 2549 700
1255 1391 370
1255 1661 1432
1255 1741 283
1256 2487 325
1258 2613 530
1259 2594 116
1260 2592 522
1260 2606 461
1261 1359 326
1261 2352 670
1261 2441 227
1261 2443 58
1262 1644 553
1262 1646 289
1263 1399 651
1263 1686 986
1264 2998 320
1265 1855 441
1266 2738 168
1267 1546 296
1267 1690 243
1268 2563 767
1269 2884 403
1270 2403 124
1271 1750 3
1272 2701 358
1273 1537 132
1275 2547 518
1276 1381 664
1277 1833 450
1277 2072 197
1277 2450 285
1279 2271 42
1279 2357 493
1280 1419 630
1280 1641 479
1280 2465 804
1281 2792 276
1281 2796 310
1282 2344 519
1283 2154 50
1287 2383 167
1287 2759 418
1288 1444 972
1289 2999 181
1290 1654 1410
1291 1339 498
1291 1895 234
1291 2134 180
1291 2358 294
1292 2125 249
1293 1313 284
1293 1487 419
1295 1509 431
1296 1868 157
1296 2432 61
1300 2616 393
1303 1620 390
1304 1916 114
1305 2204 485
1306 1392 1126
1307 1551 239
1307 2155 397
1308 2300 363
1309 2808 408
1310 2318 538
1313 1529 2
1314 1656 83
1314 2019 396
1314 2070 471
1314 2395 873
1315 1620 697
1315 1714 662
1315 2532 225
1315 2625 1171
1315 2684 296
1316 1582 901
1317 1640 397
1317 1810 339
1317 2077 7
1317 2146 384
1318 1964 499
1318 2622 454
1319 1336 146
1319 2591 251
1320 2113 737
1321 1489 1071
1322 2394 55
1323 1919 85
1323 2158 161
1324 1699 220
1324 2967 406
1325 1857 592
1325 2125 217
1326 1553 135
1326 2005 546
1327 2523 473
1327 2901 162
1328 2407 58
1328 2575 46
1329 2003 9
1329 2306 213
1329 2872 158
1330 2139 641
1331 2473 163
1332 2544 233
1332 2888 217
1333 2853 723
1334 1452 1348
1335 2011 785
1337 2405 180
1339 1563 792
1339 1795 41
1340 2551 29
1341 1723 486
1341 2035 542
1342 2280 940
1343 2870 383
1344 2190 630
1344 2599 372
1346 2139 27
1347 2431 275
1349 1516 240
1349 2024 1554
1349 2054 494
1349 2264 443
1350 2029 250
1350 2716 143
1351 1950 395
1351 2557 306
1353 2083 191
1355 2789 589
1356 2743 1042
1363 1424 141
1363 2542 726
1363 2928 346
1364 1607 370
1365 2199 456
1366 2735 60
1367 2447 324
1368 2643 212
1369 1619 205
1369 1621 8
1369 2645 901
1370 2555 439
1372 1839 430
1372 2781 173
1373 2243 908
1373 2746 556
1374 2242 1029
1375 1502 768
1376 1724 33
1376 1829 478
1376 2540 130
1376 2564 90
1377 2204 260
1378 1643 193
1380 2819 707
1381 1967 201
1384 1549 438
1384 2945 293
1385 2171 413
1387 2097 335
1388 1592 388
1389 2058 172
1390 2275 332
1392 2143 533
1392 2437 115
1393 2208 257
1395 1472 620
1395 1514 62
1395 1666 522
1395 2009 229
1396 2447 1
1397 2966 412
1400 1741 49
1401 2347 74
1402 2420 1008
1403 1540 184
1404 1672 42
1406 2282 582
1407 1733 546
1407 2316 310
1407 2644 535
1407 2671 1224
1408 2479 342
1408 2571 813
1408 2718 186
1409 2449 248
1410 1591 124
1410 2110 420
1410 2266 343
1412 1853 269
1412 2997 211
1415 2402 161
1416 1909 377
1416 2617 277
1417 2114 148
1418 2103 373
1419 1573 393
1421 1998 427
1422 2060 754
1427 1649 86
1428 2135 823
1429 2749 1027
1430 2226 149
1431 2598 130
1431 2763 876
1432 1673 47
1433 2802 42
1434 2852 786
1435 1550 625
1436 2954 276
1438 2212 45
1439 1542 275
1439 2063 265
1441 1552 320
1442 1610 525
1443 1600 50
1443 2183 423
1443 2274 694
1446 1488 384
1446 1676 118
1446 2562 429
1446 2812 139
1449 2603 572
1451 1587 452
1452 2398 254
1454 2061 217
1455 2643 381
1456 2983 32
1457 2470 643
1457 2908 16
1458 2144 358
1458 2279 201
1458 2775 320
1459 2719 21
1460 2722 480
1461 1936 594
1461 2350 620
1462 2497 713
1463 2806 74
1464 1911 51
1465 1816 1141
1467 1996 308
1467 2428 515
1467 2653 247
1469 2304 358
1469 2387 141
1470 2608 817
1472 2230 608
1473 1626 448
1475 1996 197
1475 2254 396
1476 2804 291
1477 2132 185
1477 2157 333
1479 2569 114
1480 1828 659
1481 2674 236
1483 2370 429
1483 2380 1298
1483 2941 219
1484 1585 62
1485 2510 544
1485 2899 1681
1486 2004 595
1486 2810 700
1488 1664 453
1488 2386 1035
1491 1915 274
1493 1566 248
1493 2650 917
1496 2184 128
1496 2767 155
1498 1589 66
1498 1764 417
1500 1545 221
1502 2737 152
1503 2918 83
1505 2464 657
1507 2617 389
1508 1697 347
1509 2944 207
1510 1877 41
1512 1811 519
1516 2166 412
1517 2927 653
1518 2911 37
1519 1707 140
1519 2126 589
1519 2554 87
1520 1575 101
1520 2061 502
1521 2235 441
1521 2570 153
1523 2271 451
1524 1861 489
1525 1969 397
1526 2414 63
1527 2833 474
1529 2258 62
1530 2841 333
1531 2338 37
1532 1640 32
1533 2003 259
1533 2857 626
1535 2531 228
1536 2585 331
1538 1946 1000
1539 2365 289
1540 2226 539
1541 1654 741
1542 1935 167
1544 1846 322
1546 1565 538
1546 1677 563
1547 2367 221
1547 2422 239
1547 2488 3
1550 2412 334
1553 1918 193
1553 2356 257
1553 2642 14
1554 2183 536
1555 1868 72
1555 1898 361
1556 2714 189
1558 2948 603
1559 2965 591
1560 2575 575
1561 2964 245
1562 2135 110
1564 2115 26
1564 2806 164
1566 2786 421
1567 1674 40
1567 2978 397
1569 1757 169
1571 1756 568
1572 2289 547
1577 2996 94
1579 1856 240
1579 2563 470
1581 1731 53
1581 1890 371
1583 1587 168
1583 1709 400
1584 1675 206
1587 2777 149
1588 2408 405
1589 1969 333
1589 2316 363
1590 2227 4
1592 2025 309
1593 2654 204
1595 2476 1082
1597 2993 545
1599 1816 163
1599 2252 120
1602 2992 443
1603 1911 83
1603 2682 975
1604 2239 336
1604 2445 325
1604 2793 373
1605 1965 360
1605 2310 214
1607 1965 72
1607 2181 318
1607 2410 178
1608 1848 220
1608 1988 88
1608 2418 299
1609 1671 559
1611 2225 18
1611 2620 153
1612 2453 777
1613 1735 7
1613 2461 21
1614 2955 217
1616 2557 101
1616 2856 993
1617 2560 12
1618 2359 20
1619 1929 229
1622 2440 48
1624 1841 100
1626 2089 895
1630 2517 1317
1631 2305 281
1632 1669 198
1633 2711 142
1635 2592 383
1636 2346 172
1637 2416 358
1637 2611 123
1638 1887 42
1639 2536 1666
1643 2702 95
1645 2809 45
1646 2020 617
1648 2677 247
1649 2049 673
1650 2585 346
1651 2072 548
1652 2827 351
1653 2494 894
1654 1901 926
1655 2617 164
1656 1721 226
1656 1996 387
1657 2735 110
1658 2355 338
1659 1680 261
1660 2315 405
1660 2823 311
1665 2491 73
1665 2789 171
1667 1820 106
1667 1968 86
1668 2340 1
1671 2326 422
1671 2613 551
1674 1791 471
1674 2919 130
1675 2078 607
1676 1983 180
1678 2689 386
1679 2889 578
1680 2136 277
1684 1722 196
1688 2832 74
1688 2960 76
1692 2438 184
1692 2505 156
1692 2675 499
1693 1804 11
1695 1927 30
1695 2404 397
1695 2485 447
1696 1906 380
1696 2027 124
1696 2302 322
1697 2092 793
1698 2051 885
1699 2982 9
1700 2862 178
1701 2756 327
1701 2996 135
1704 1902 504
1705 2823 27
1706 2844 781
1707 1788 149
1707 2452 212
1710 2379 45
1710 2474 271
1711 2253 275
1711 2893 523
1712 2701 1074
1713 2110 687
1714 2574 634
1717 2477 146
1717 2707 257
1718 1763 175
1719 2199 8
1719 2714 248
1720 2713 410
1721 2424 319
1722 2886 337
1723 2521 371
1723 2999 358
1725 1994 278
1726 2556 754
1728 2307 326
1731 2484 70
1735 2450 210
1737 2079 731
1739 2902 469
1742 2346 2
1743 2581 796
1744 2942 192
1745 2901 241
1747 2101 722
1751 2143 205
1751 2492 573
1753 2765 395
1759 2365 45
1760 1763 644
1761 2430 325
1762 2547 626
1765 2476 586
1766 2821 609
1767 2085 17
1767 2570 102
1771 2056 376
1773 2137 898
1773 2873 714
1776 2895 202
1777 2946 523
1779 2084 81
1781 2344 521
1782 2019 340
1783 2620 190
1784 1854 1077
1784 2228 876
1786 2874 190
1787 2688 276
1789 1964 380
1791 1973 131
1792 2482 198
1794 2586 422
1797 1884 403
1798 2266 644
1799 2429 283
1800 2105 409
1800 2840 316
1802 2127 176
1803 2879 640
1804 2590 120
1805 2433 466
1805 2733 53
1806 2021 527
1807 1850 13
1807 2142 166
1808 2251 227
1809 2337 92
1809 2361 223
1812 2633 381
1813 2868 80
1815 2730 834
1816 1980 286
1817 2096 300
1818 2527 582
1822 2927 215
1823 2503 447
1824 2933 41
1825 1862 537
1825 2326 450
1826 2123 140
1828 2058 585
1831 1855 757
1832 2123 199
1833 2002 337
1834 2028 503
1835 2792 230
1837 2173 49
1839 1945 209
1840 2854 8
1841 2032 25
1842 2059 306
1842 2093 357
1842 2499 312
1845 2314 426
1845 2923 270
1849 2848 171
1850 2218 428
1850 2430 510
1851 2176 198
1852 2248 46
1852 2904 215
1853 2526 1195
1855 1966 672
1857 2686 107
1859 2389 263
1861 2360 495
1862 2011 268
1864 2172 375
1865 1870 629
1865 2875 519
1866 2472 171
1868 1888 102
1868 2187 162
1872 2672 1060
1873 2303 359
1874 2840 16
1875 2449 648
1879 1931 497
1880 2431 755
1882 2237 682
1883 2815 640
1885 2005 149
1885 2799 352
1887 2021 429
1888 2113 391
1888 2308 69
1891 2711 5
1892 1952 211
1892 2867 543
1895 2669 119
1896 2701 156
1896 2744 456
1897 1914 195
1897 2471 278
1899 2144 32
1899 2638 898
1899 2849 55
1900 1995 36
1901 2836 413
1902 2001 299
1902 2490 356
1903 2740 476
1904 2219 224
1906 2307 177
1907 2619 885
1907 2738 170
1908 2665 490
1909 2250 33
1909 2637 249
1910 2722 223
1912 2552 385
1914 2270 498
1914 2387 591
1914 2702 65
1915 2085 88
1915 2265 751
1917 2917 20
1920 1949 1654
1921 2926 128
1922 2053 757
1924 2341 1366
1925 2704 514
1926 2554 49
1927 2109 259
1928 2357 155
1928 2761 379
1929 2081 231
1930 2836 226
1932 2025 101
1933 2631 47
1935 2267 693
1941 1993 227
1942 1982 349
1943 2825 332
1944 2754 84
1946 2385 362
1946 2621 426
1949 2159 313
1949 2840 478
1950 2320 283
1950 2347 423
1956 2514 1086
1958 2865 834
1959 2120 1622
1960 2014 285
1960 2493 184
1964 2572 1348
1965 2129 418
1968 2025 36
1968 2229 41
1968 2289 872
1968 2506 479
1968 2864 211
1969 2871 378
1974 2726 854
1975 2900 272
1977 2234 864
1979 2706 790
1980 2273 1020
1982 2003 41
1984 2248 610
1985 2713 407
1987 2357 258
1988 2330 182
1988 2378 516
1990 2822 222
1992 2563 262
1993 2135 338
1993 2145 69
1995 2223 245
1998 2364 221
1999 2867 50
2003 2082 108
2004 2263 530
2004 2887 48
2006 2512 77
2006 2908 80
2010 2037 463
2010 2414 451
2011 2657 621
2011 2692 126
2012 2178 904
2012 2259 8
2012 2277 306
2016 2257 117
2016 2692 582
2022 2643 213
2026 2672 550
2028 2676 154
2029 2198 69
2030 2408 103
2030 2409 142
2033 2556 156
2033 2712 559
2039 2660 876
2040 2906 539
2041 2794 812
2042 2128 748
2042 2354 611
2043 2174 720
2043 2472 236
2043 2517 76
2043 2807 272
2045 2440 276
2045 2845 94
2046 2412 609
2047 2755 789
2048 2226 383
2048 2609 44
2049 2147 591
2051 2361 520
2052 2249 278
2053 2821 541
2059 2745 274
2063 2600 156
2064 2110 371
2067 2850 298
2068 2793 214
2069 2750 291
2070 2071 114
2072 2687 1186
2073 2310 450
2075 2094 571
2076 2551 447
2076 2895 280
2077 2774 1302
2078 2502 553
2080 2325 552
2081 2603 218
2082 2197 298
2083 2775 500
2085 2415 656
2088 2153 16
2091 2660 30
2091 2994 444
2094 2565 592
2097 2695 11
2099 2454 50
2100 2897 440
2102 2288 1049
2102 2793 634
2104 2879 880
2106 2553 705
2107 2601 365
2109 2122 102
2110 2882 829
2112 2889 275
2113 2394 248
2114 2281 150
2117 2724 47
2118 2783 13
2120 2906 256
2131 2699 94
2133 2199 175
2135 2466 53
2136 2539 410
2140 2488 45
2141 2628 584
2142 2914 45
2144 2685 225
2146 2296 32
2149 2356 139
2149 2463 105
2150 2664 141
2150 2807 539
2154 2846 939
2156 2407 333
2160 2799 236
2162 2417 534
2167 2631 180
2170 2690 243
2170 2764 724
2172 2205 708
2175 2725 158
2179 2247 147
2179 2919 370
2180 2383 187
2180 2513 869
2182 2716 76
2182 2915 20
2184 2817 354
2192 2830 90
2193 2296 381
2193 2584 385
2200 2629 336
2201 2827 219
2202 2731 841
2204 2924 157
2207 2249 269
2208 2934 78
2209 2668 55
2210 2263 260
2213 2840 17
2214 2667 445
2215 2768 394
2217 2244 323
2218 2883 455
2219 2291 222
2220 2734 284
2220 2766 226
2221 2504 71
2221 2540 295
2223 2708 306
2224 2394 203
2228 2692 432
2232 2596 13
2239 2916 847
2241 2946 1013
2245 2750 371
2248 2399 1416
2256 2636 212
2256 2714 160
2257 2350 478
2258 2590 93
2259 2903 555
2260 2427 318
2261 2749 171
2263 2336 71
2264 2307 360
2275 2907 198
2276 2547 394
2277 2875 23
2281 2930 239
2283 2739 206
2284 2382 227
2287 2393 545
2287 2812 618
2294 2822 292
2296 2866 481
2298 2753 1283
2300 2726 487
2300 2840 103
2303 2321 46
2305 2329 401
2306 2745 25
2309 2672 107
2310 2443 7
2311 2726 481
2311 2935 197
2312 2388 328
2314 2373 365
2316 2864 240
2318 2436 233
2321 2693 5
2321 2990 82
2325 2854 393
2326 2614 752
2331 2804 642
2332 2990 239
2333 2462 490
2334 2631 531
2335 2405 9
2337 2830 383
2337 2908 28
2342 2435 619
2342 2988 464
2345 2553 823
2346 2402 496
2348 2956 495
2350 2594 408
2353 2536 2245
2356 2412 102
2359 2595 169
2361 2917 215
2362 2517 91
2368 2569 182
2368 2758 1206
2370 2828 349
2371 2410 340
2372 2396 300
2373 2535 331
2374 2475 408
2381 2578 172
2383 2753 22
2384 2948 382
2388 2681 287
2389 2705 623
2391 2763 805
2396 2768 146
2403 2980 650
2404 2957 71
2405 2420 1075
2407 2724 336
2407 2768 112
2408 2722 308
2413 2604 24
2413 2963 706
2421 2565 576
2423 2431 81
2425 2903 488
2426 2921 810
2431 2733 59
2439 2851 1042
2441 2773 609
2444 2621 796
2444 2958 766
2455 2995 367
2456 2606 195
2459 2606 450
2460 2756 29
2468 2694 259
2475 2479 98
2475 2751 597
2477 2769 88
2481 2872 166
2482 2974 756
2483 2662 689
2484 2880 252
2494 2908 150
2495 2888 177
2498 2806 637
2500 2934 245
2503 2533 205
2508 2512 451
2509 2992 282
2510 2945 416
2511 2582 431
2511 2604 307
2514 2801 177
2516 2895 222
2517 2923 363
2520 2714 36
2527 2628 370
2529 2670 557
2534 2556 107
2541 2672 253
2543 2608 1569
2544 2566 187
2544 2615 35
2544 2885 292
2557 2747 165
2559 2908 30
2561 2728 396
2567 2603 178
2569 2898 263
2570 2914 275
2576 2677 325
2577 2673 621
2579 2827 489
2583 2801 1226
2586 2804 337
2589 2816 1413
2589 2922 1151
2591 2946 15
2592 2814 324
2593 2718 109
2596 2681 617
2599 2757 132
2601 2894 335
2603 2738 452
2605 2686 27
2606 2673 2
2610 2829 320
2624 2709 582
2628 2797 1015
2629 2970 894
2631 2788 301
2634 2960 1223
2637 2694 36
2643 2956 322
2647 2754 536
2648 2881 232
2651 2997 199
2653 2985 169
2654 2989 157
2655 2952 61
2663 2984 427
2667 2887 50
2671 2703 616
2674 2700 382
2680 2830 122
2683 2966 428
2689 2801 81
2697 2993 377
2718 2844 287
2719 2849 128
2728 2843 463
2728 2923 274
2729 2971 281
2731 2824 433
2735 2770 207
2740 2938 24
2753 2911 323
2756 2944 411
2764 2909 461
2770 2848 187
2776 2919 173
2786 2955 273
2786 2975 148
2790 2865 531
2792 2942 11
2800 2861 268
2819 2931 1051
2823 2891 415
2823 2929 175
2826 2845 40
2827 2836 203
2828 2990 102
2847 2887 682
2858 2927 1336
2872 2920 55
2881 2991 186
2884 2918 188
2900 2946 821
2910 2912 96
2919 2930 478
Prim
0.039
3000
2999
1162945
1 253 66
1 1035 387
1 1110 135
1 1224 150
1 1400 71
2 1475 157
2 2607 206
3 624 783
4 182 34
4 876 354
4 2149 297
4 2537 278
5 28 104
5 1582 438
5 2587 777
6 893 123
6 957 98
7 588 700
8 2141 544
9 1247 157
9 1528 383
10 1161 169
10 2713 249
11 2926 143
12 1169 714
13 2459 268
14 280 87
14 809 124
15 675 449
16 2054 261
17 1059 239
18 2245 440
18 2568 499
19 1252 279
19 1549 37
19 2659 189
20 623 356
21 932 202
21 1253 148
21 2677 193
22 1222 273
23 408 90
23 1991 449
24 2717 1415
25 459 560
25 1278 65
26 329 83
26 642 1110
27 203 365
27 310 203
27 2355 394
28 1827 395
28 2128 401
29 1380 39
30 1905 234
30 2294 260
31 2181 562
32 746 1082
33 364 732
33 1023 275
33 2138 26
34 2157 718
35 497 234
35 1280 61
36 1607 419
37 646 623
37 1397 527
38 2291 354
39 119 609
39 1157 193
40 2542 588
41 2594 134
42 1379 1397
43 350 341
43 1115 556
44 747 15
44 1170 97
44 1180 783
44 2236 38
45 441 682
46 1005 584
46 1496 474
47 154 270
47 1735 132
47 1919 8
47 2603 183
48 802 259
48 2250 79
48 2456 388
49 2071 347
49 2793 159
50 974 326
50 2953 999
51 2852 187
52 2494 45
53 750 451
53 1386 774
53 2213 485
54 489 201
54 2404 296
55 1518 1001
56 817 212
56 1342 166
56 2624 340
57 1144 476
57 1218 158
57 2649 208
58 983 117
58 2316 299
59 1134 131
59 2998 75
60 1294 54
60 2074 392
61 1640 356
61 1672 412
61 2111 90
62 1126 21
62 1440 164
63 386 325
64 2200 67
65 2348 437
66 598 101
66 1130 27
66 1934 128
67 2968 791
67 3000 1002
68 1337 936
69 600 424
69 1842 20
70 2860 548
71 1502 6
71 2990 262
72 1098 38
73 811 129
73 2239 16
74 441 290
74 2067 352
75 119 268
76 737 76
76 1980 303
77 721 845
77 2677 574
78 2171 184
79 281 194
79 1918 202
80 2496 449
81 563 631
81 1867 40
81 2802 658
82 532 280
82 883 331
83 2695 338
83 2927 233
84 2480 873
85 1271 233
86 1439 133
86 1528 418
86 2904 317
87 2040 521
88 1942 68
88 2123 303
89 212 459
90 2578 521
91 1439 731
92 1141 148
92 1745 44
93 1393 1914
94 196 88
94 1058 20
95 1211 53
95 1687 426
96 207 196
97 245 490
97 2403 424
98 2693 179
99 2494 262
100 1070 247
100 2100 444
101 1245 774
101 1543 959
101 1736 687
101 2084 501
102 405 420
102 884 510
103 1269 907
104 178 1199
105 2078 767
106 1797 189
106 2646 342
107 1531 110
107 1778 493
107 2512 153
108 325 87
108 1304 213
108 2146 78
109 2291 470
110 681 727
110 1881 415
111 1721 1204
112 1000 208
112 2688 40
112 2903 281
113 2549 256
114 120 529
114 2058 192
114 2632 456
115 181 598
115 2536 790
115 2560 550
116 1450 374
117 1310 114
117 2443 74
118 713 772
118 1449 289
119 365 595
120 1414 664
121 140 90
121 1257 793
122 184 362
122 956 67
122 1367 380
122 1808 219
123 607 396
123 1453 281
123 1762 338
124 2836 1143
125 2499 692
126 1378 1361
127 758 125
128 761 202
129 145 61
129 1976 451
130 2727 706
131 372 309
131 730 516
132 211 123
132 596 429
133 995 125
133 1137 653
133 2402 163
134 839 812
134 2518 399
135 343 40
135 762 241
136 243 295
136 1637 49
136 2282 177
137 1775 805
138 2689 411
138 2779 661
138 2921 70
139 921 556
139 2151 422
139 2285 129
140 159 462
141 2074 826
142 2842 659
143 1018 923
143 1694 712
144 2296 664
145 1100 9
145 2523 363
146 2986 670
147 1644 358
147 2446 337
148 1047 383
149 211 543
149 1601 17
150 968 178
150 2348 250
151 1789 228
151 2096 29
152 1215 691
152 1738 25
153 1597 309
154 1916 109
154 2984 66
155 2408 648
156 520 1151
156 812 4
156 1773 297
156 2206 481
157 672 448
157 1277 370
158 2917 602
160 1286 316
160 2057 645
161 2480 611
162 1829 547
163 2619 890
164 473 243
164 1091 232
164 1767 239
165 1708 961
166 465 985
166 1780 393
166 2209 605
167 1001 727
168 312 121
168 2315 324
168 2520 130
169 2041 973
169 2515 789
170 2768 438
171 1454 18
172 831 1177
173 1181 59
173 1450 653
173 1663 313
174 378 148
174 1357 935
175 1931 549
176 1559 149
176 2018 469
176 2659 168
177 1376 89
177 2954 482
178 1426 572
178 2102 250
179 919 458
180 2564 899
181 506 477
181 541 2864
182 776 15
182 2685 129
183 955 140
185 1667 373
185 2062 830
186 1556 534
187 1363 317
187 1606 230
188 2121 844
189 1598 93
189 2044 400
189 2164 225
189 2720 64
190 2358 190
190 2925 819
191 1591 840
192 1094 895
193 1166 24
193 2116 296
194 558 22
195 1725 1252
196 461 405
196 877 490
196 1886 355
196 1932 195
197 1224 34
198 1115 194
199 315 258
199 550 270
199 1158 347
200 1060 314
200 1700 1364
201 542 748
201 1937 337
201 2523 196
202 239 267
204 2242 510
204 2784 411
205 249 320
205 772 315
206 1775 102
206 2740 478
206 2934 437
207 2722 112
207 2782 83
208 2222 391
208 2736 668
209 354 876
209 1793 958
210 1196 631
211 1315 119
212 487 277
212 2579 152
213 1850 238
213 1941 269
214 950 224
214 1972 547
215 779 761
215 2152 992
216 1194 706
217 2442 532
218 897 284
218 1383 1213
218 2184 501
219 519 332
219 2417 487
219 2554 438
220 381 392
220 935 287
221 1093 752
222 1897 564
223 2668 917
224 1520 389
224 1813 133
224 2530 428
225 679 223
225 1311 432
225 1312 1000
226 1187 984
226 1967 338
226 2747 525
227 1136 94
227 2717 246
228 1407 201
229 617 405
229 755 431
229 1943 348
229 2095 374
230 1421 384
230 1790 801
230 1811 402
230 1817 312
231 2163 308
231 2991 162
232 1548 63
233 645 408
233 1781 271
233 2580 1631
234 268 270
234 1034 659
235 1380 68
235 1962 395
236 438 293
236 512 50
236 1299 262
236 1470 459
237 702 372
237 1858 277
237 2122 217
238 390 973
239 2983 68
240 2983 55
241 1482 263
241 1731 381
241 2363 453
242 1131 314
242 1752 274
242 1950 464
243 355 17
243 722 790
244 336 27
244 1730 457
245 838 419
245 857 243
246 2786 500
247 318 124
247 1964 304
248 423 352
249 1521 72
250 2433 1667
251 940 500
251 2896 749
252 439 547
252 1740 448
254 2418 49
255 317 724
255 1027 954
255 2231 503
256 2692 415
257 346 641
257 436 744
257 530 308
257 706 202
258 797 410
258 1710 90
259 2405 476
260 1643 821
260 2269 1238
261 1846 374
261 2338 576
262 2348 54
262 2641 162
263 581 132
263 1133 185
263 2753 189
264 2303 368
264 2948 338
265 359 140
265 472 135
265 476 231
265 924 610
266 1622 130
267 2528 11
268 496 665
268 1847 302
269 1206 940
269 1711 916
270 2044 656
271 496 1664
272 2830 848
273 1494 385
273 2064 508
274 625 151
274 641 186
275 305 287
275 1771 123
276 423 783
277 538 420
277 893 477
277 1909 400
278 739 168
278 2272 473
278 2713 82
279 2519 1
281 392 95
281 989 225
281 1342 104
281 2741 242
282 569 159
282 1968 61
283 2475 655
284 2113 746
285 1006 385
285 1979 332
285 2486 580
285 2711 518
286 644 194
286 2835 683
286 2944 333
287 669 119
287 1937 50
288 1780 1180
289 343 288
289 955 7
290 875 506
290 2697 57
291 1621 166
291 2553 260
292 703 810
293 842 310
294 1474 17
295 928 1095
296 1844 405
297 792 754
298 395 1224
299 2985 136
300 334 110
300 2782 563
301 2172 416
301 2245 113
302 1309 516
302 2652 167
302 2732 1730
303 1008 512
303 2110 220
304 2189 283
304 2481 573
304 2918 563
306 558 458
307 2846 784
308 1626 127
308 2271 100
309 578 188
309 2014 176
309 2132 61
309 2854 127
311 1851 88
311 2494 160
311 2635 32
311 2906 162
312 1015 482
313 326 38
313 1253 57
313 1364 161
314 428 345
314 1016 305
315 1049 720
316 1074 645
316 2167 8
316 2169 129
317 1063 570
319 1844 388
319 2432 197
320 945 91
320 2939 469
321 2835 668
322 1570 93
322 1703 511
323 1195 255
323 2581 108
324 1646 94
325 379 88
325 1444 28
325 2013 713
327 1986 573
327 2127 133
327 2299 857
328 707 634
328 2448 277
330 872 337
330 1226 485
331 1633 149
332 2722 649
333 884 12
333 1557 233
333 2641 191
335 1882 528
335 2101 159
336 2382 132
336 2548 367
337 2704 373
337 2748 695
338 2210 1615
339 1246 23
340 861 77
341 415 499
342 2860 175
343 866 37
344 1749 647
344 1971 744
344 2136 205
345 612 1441
345 1276 19
346 725 310
347 2978 119
348 2486 190
349 491 43
349 2495 376
350 668 10
350 1289 354
351 2830 1068
352 791 442
352 1096 492
352 1545 491
353 1249 494
353 2679 464
354 1113 429
354 1431 233
354 2483 59
355 452 228
355 995 134
355 1511 528
355 1860 171
356 1382 970
356 1570 309
356 1899 199
356 2785 163
356 2811 5
357 2195 268
357 2201 256
358 2157 439
359 375 27
359 2739 5
360 1673 641
360 1826 635
361 2153 869
362 1342 183
363 2632 817
364 1120 455
366 970 619
367 2484 119
368 567 378
368 691 429
368 1668 282
369 967 528
370 1068 620
371 2911 349
373 2516 178
374 1891 754
375 2500 166
376 1361 664
376 2551 199
377 1479 68
378 406 636
378 1909 188
378 2507 284
378 2772 112
379 2098 19
380 1729 110
380 1824 320
380 1997 873
380 2527 59
380 2612 193
380 2699 561
381 655 970
381 2765 125
382 2034 576
382 2537 252
383 1423 463
383 2223 512
383 2585 375
384 2833 7
385 1412 799
386 1325 85
386 1999 102
387 1628 919
387 2432 431
387 2639 78
388 488 60
389 401 338
389 1166 672
390 791 757
391 2501 230
391 2613 391
391 2815 541
392 1755 756
393 1675 452
393 2660 425
394 2684 110
395 2389 677
396 1625 514
396 2867 498
397 1038 664
398 2209 174
398 2786 246
399 1362 464
399 1955 335
400 1719 259
400 1756 31
400 2003 242
400 2233 940
400 2468 142
400 2597 164
402 692 481
402 1471 470
402 1734 341
403 2013 702
404 1353 77
405 1504 85
407 1264 631
407 1970 1172
408 947 375
408 1199 40
408 1785 199
409 2015 10
409 2518 875
410 537 778
411 2099 355
411 2554 210
412 1663 99
413 801 562
413 938 45
414 1024 177
414 1902 221
414 2266 167
415 1228 302
416 1399 25
416 1610 314
417 883 77
417 2750 180
418 983 457
419 2471 753
420 727 35
421 986 308
422 1441 523
422 1550 319
423 672 482
424 1734 100
425 1478 395
425 2224 275
426 1041 243
427 1140 182
428 2166 100
429 2195 934
430 2436 336
431 1130 144
432 1748 613
432 2928 488
432 2987 84
433 1433 466
433 1711 413
433 2878 116
434 1567 109
435 752 185
435 2108 101
437 534 631
437 799 247
439 1891 96
440 1404 248
441 509 283
442 657 10
442 1836 85
442 2556 308
443 619 686
444 506 14
445 1570 48
445 2023 599
445 2876 20
446 2503 315
446 2831 127
446 2868 17
447 2118 95
448 1484 606
448 1951 146
449 1297 509
450 479 660
451 692 330
452 657 94
453 696 218
453 1834 380
454 780 276
454 1281 69
455 2527 296
456 812 380
456 2476 150
457 705 558
457 1369 279
457 2004 166
458 2334 682
460 1032 169
460 1177 391
460 2246 132
461 1688 76
461 1751 487
462 1811 1274
463 1789 499
464 2170 117
464 2400 63
466 2033 1191
467 673 197
467 2216 91
468 2240 429
469 2686 334
470 1413 1184
470 2979 863
471 1439 661
472 1356 179
472 2221 163
473 756 27
474 1822 189
475 2390 407
475 2595 911
476 1135 365
476 1530 419
476 1819 285
476 2889 218
477 682 90
478 848 720
479 1258 354
480 2701 313
480 2704 179
480 2988 169
481 1317 169
482 970 416
482 2177 661
482 2632 56
483 2457 612
484 1246 772
485 1064 498
486 1121 86
486 2067 252
488 1274 127
488 2427 247
489 1804 132
489 1957 426
490 1785 727
491 2795 124
491 2874 603
492 690 4
492 1251 1731
492 1340 156
492 2867 329
493 2729 856
494 2232 462
495 2253 474
495 2735 231
496 2283 99
496 2505 126
497 2211 148
498 1767 347
498 2589 153
499 1043 346
499 2067 618
500 1501 522
501 946 22
502 2396 312
503 1416 34
503 1606 81
504 971 248
504 1008 75
504 1261 503
505 646 284
505 1125 695
505 2266 173
506 1947 294
506 2955 18
507 758 470
507 1702 589
507 2630 419
508 965 973
510 2234 885
511 1849 66
511 2727 1606
512 1373 228
513 1298 44
513 1560 107
514 555 408
514 1669 21
514 1815 65
514 2319 666
515 602 140
515 2804 104
515 2860 338
516 987 289
517 603 98
517 2255 280
517 2355 180
517 2457 287
517 2612 105
518 1004 82
518 2482 138
519 1954 587
519 2805 577
521 568 387
522 611 1825
522 2094 470
523 2942 1632
524 613 637
525 594 131
525 756 19
526 1463 552
527 732 6
528 1172 854
529 1151 692
529 1560 34
530 747 233
530 2295 929
531 881 537
531 2085 161
531 2252 87
533 1030 232
533 2755 136
534 1968 3
535 2071 596
536 2557 199
537 773 481
537 1829 532
538 703 180
538 1038 230
538 1336 482
539 901 198
540 2451 445
543 952 310
543 1164 396
543 1271 407
543 2964 363
544 2552 464
544 2599 185
544 2817 354
545 1559 23
546 2704 348
547 2165 541
547 2915 325
548 2204 257
549 1260 899
551 901 70
551 1830 46
551 2914 357
552 2300 612
553 746 110
554 1842 347
555 670 66
555 674 33
555 1321 207
556 1405 758
556 1580 791
556 2368 405
556 2665 402
557 671 729
558 592 549
558 1611 409
558 2602 159
559 573 424
559 1037 300
559 1171 554
559 1662 207
560 2852 476
561 1215 165
562 2563 879
564 2109 1089
565 1133 431
565 1548 479
565 1992 395
565 2484 279
566 1618 24
568 1542 188
568 2305 44
569 2656 223
569 2865 731
570 2401 286
570 2701 135
571 1624 310
571 2528 407
572 1852 45
572 2382 146
573 1009 320
573 2750 77
574 1529 1822
575 2563 333
576 2179 714
577 1838 304
578 736 308
578 1539 136
578 1642 301
579 1848 179
579 1926 399
579 2812 59
580 2233 184
581 964 192
581 1305 81
582 2115 433
583 874 642
583 1592 364
584 1045 369
584 1758 229
585 1570 240
585 1869 1969
585 2138 39
586 1526 43
587 691 216
587 1189 248
587 1322 39
587 2038 1380
587 2170 256
588 763 853
588 2020 303
588 2951 412
589 1021 919
589 1390 186
589 2458 158
590 1611 262
590 2904 240
591 1096 628
593 626 152
593 2119 487
594 991 472
594 2798 703
595 702 828
596 842 314
596 2479 292
597 1642 573
597 2861 477
598 2373 543
599 1001 229
599 1129 113
599 2473 99
600 822 355
601 981 446
601 1261 738
601 2118 112
604 720 18
604 2994 125
605 2293 531
605 2362 616
605 2863 456
606 1725 555
606 1851 343
607 1681 28
607 2825 124
608 2866 1145
609 1658 253
609 2660 335
610 1943 43
613 1627 454
613 1891 10
614 708 788
614 1136 244
614 1939 547
615 1574 779
615 2566 542
616 2376 622
617 1884 306
617 2656 58
617 2692 21
618 1965 393
619 2254 621
620 1570 401
620 2414 427
620 2746 471
620 2778 168
621 2521 539
622 1668 589
623 1045 554
624 2600 147
625 2074 119
625 2195 186
625 2483 184
625 2828 350
626 2694 161
627 1292 37
627 2839 291
628 2911 825
629 811 170
629 1425 861
629 2355 84
630 1056 162
630 1420 216
631 1668 463
631 2558 925
632 2590 311
632 2616 221
633 671 487
633 890 345
633 2754 121
634 1703 859
635 1895 66
635 2678 563
636 1002 198
636 1522 115
637 1348 659
638 2522 676
638 2938 660
639 1768 1045
639 1924 669
639 2328 1493
640 840 20
640 1221 239
641 1700 518
642 1262 565
642 1905 10
643 831 438
643 2406 599
643 2920 447
645 899 1185
645 966 674
645 1656 281
646 941 129
647 978 33
647 1602 28
647 2381 13
648 1038 245
649 674 399
649 1025 230
649 1343 271
649 2249 286
649 2462 819
649 2618 29
650 1122 255
650 1237 1050
650 2262 460
650 2680 568
650 2977 452
651 1576 217
651 1983 323
651 2803 324
652 749 523
652 2002 152
652 2943 10
653 2266 52
654 1003 354
654 1562 116
654 1955 433
655 2715 1088
656 702 324
657 2229 74
658 2220 176
659 731 402
660 1561 429
661 1579 336
662 1944 378
662 2668 49
663 924 495
663 1225 471
664 1278 369
664 1459 277
665 1126 2226
666 1758 291
666 2723 294
667 937 1004
668 916 548
668 2752 368
669 2551 459
675 810 509
675 2139 291
675 2956 631
676 2336 186
677 1739 401
678 2206 5
679 2292 467
679 2939 129
680 1940 304
680 2724 552
681 2294 652
682 2366 66
682 2446 317
683 1497 402
683 1737 42
684 2383 122
684 2837 351
685 965 649
686 1733 408
686 2369 537
687 2892 684
687 2941 380
688 1367 859
689 2528 170
690 2666 203
691 1132 56
691 1445 39
691 2343 177
692 2742 15
693 2794 891
694 1279 1636
695 863 186
696 1014 220
697 2827 351
698 2267 652
698 2286 1098
699 2589 8
700 908 393
700 1143 1489
700 2869 414
701 1334 143
701 2787 632
702 1084 510
702 1564 111
702 2168 91
703 2297 414
704 780 885
706 851 191
706 1965 290
707 1771 173
709 951 190
710 1267 858
711 1623 589
711 2086 1285
711 2209 264
712 1950 617
712 2216 518
714 2751 316
715 906 880
716 964 193
716 979 225
717 732 107
717 1371 490
718 1893 54
718 2087 113
718 2169 406
719 963 4
719 2491 218
720 1505 353
720 1689 24
720 1843 378
720 1876 14
720 2771 1015
720 2845 124
723 2515 388
724 1741 533
724 2969 21
726 1243 134
726 2668 16
727 1438 367
728 1523 202
728 2275 254
729 1085 251
729 1249 230
729 2217 409
729 2556 430
730 933 504
731 765 559
731 1354 128
732 1328 303
732 2401 23
733 1188 10
733 2313 1805
734 1799 286
734 1918 218
735 1600 50
735 2546 208
736 1156 96
737 1240 69
737 2367 273
738 2445 355
738 2976 354
739 1236 896
739 1411 277
740 1906 1200
741 783 1427
741 1670 422
741 1826 335
742 1158 24
743 1352 439
743 1858 53
744 837 240
744 1257 219
744 1277 247
745 2494 111
746 1624 380
748 1371 230
751 1079 256
751 2851 219
752 1385 366
752 2140 209
752 2765 23
753 2285 236
754 2017 142
756 2949 438
757 1656 1417
759 1684 702
760 1708 537
761 1588 705
762 1863 138
762 2196 669
762 2889 119
764 1393 247
764 1443 548
765 1825 565
765 1859 402
766 1662 356
767 1656 174
767 1685 197
767 2595 375
768 2449 166
769 2712 56
770 1995 54
771 1532 581
774 2371 199
774 2489 381
775 1367 958
776 1052 81
776 1184 163
776 2655 381
777 1552 301
778 1269 618
779 1666 668
780 1109 339
780 2483 285
780 2919 256
781 2479 436
782 2228 408
782 2937 560
784 1483 416
785 979 40
785 1444 77
785 1921 198
785 2007 572
785 2201 317
785 2460 13
785 2499 142
786 819 364
786 1391 293
786 2317 1243
787 1506 1584
787 2416 234
788 2458 236
789 1467 465
789 2670 318
790 1569 1468
791 2505 395
792 909 288
793 908 1257
794 2841 569
795 2271 292
796 822 617
797 2445 5
798 2587 1107
799 1615 1062
800 2643 10
802 1932 98
803 2880 181
804 2535 157
805 1772 232
805 2314 261
806 1238 156
806 1510 351
807 1697 214
807 2059 320
807 2169 220
808 2474 107
809 1101 132
809 1244 522
810 2936 1029
811 1669 345
812 2394 171
813 2700 1314
814 1769 219
815 1598 401
816 1216 238
816 1973 83
817 2324 363
817 2427 24
818 1789 844
820 1497 377
820 2031 24
820 2791 367
821 1025 140
822 2238 363
823 1093 311
823 2972 533
824 1674 537
824 2633 454
825 2243 257
826 927 822
826 1647 168
826 1649 52
826 1771 154
826 2545 105
826 2661 1031
827 1566 655
828 2962 638
829 1695 292
830 859 149
832 1660 23
833 1159 843
834 2792 168
834 2968 783
835 2378 159
836 2248 87
837 1499 685
837 2268 155
838 978 234
838 2246 355
840 908 201
840 2065 45
840 2251 101
840 2877 730
841 1010 760
841 1800 93
841 2000 441
842 949 66
842 1665 286
842 1734 65
842 1801 455
842 2819 219
843 1280 381
844 2348 139
845 1012 152
845 1596 432
845 1662 446
846 2143 215
847 901 125
848 1007 258
849 1430 349
849 2014 214
850 2423 224
851 2479 344
852 1581 470
852 2601 104
853 1349 190
853 1741 9
854 2084 319
854 2322 551
854 2707 336
854 2833 326
854 2875 62
855 1501 483
856 1446 349
856 2950 210
858 2686 422
859 880 439
860 1394 456
860 1776 276
861 1159 441
861 1481 317
861 2130 790
861 2588 1554
862 2756 850
863 2607 1188
864 1537 269
864 2850 81
865 1587 449
867 2742 544
868 2111 1035
868 2525 1803
869 1873 8
870 2274 558
871 1789 159
871 2507 130
872 948 189
873 1094 752
875 1666 536
875 1727 206
878 2502 939
879 2246 736
880 1643 90
881 1534 549
882 1250 516
883 1070 268
885 1201 110
885 2397 762
886 910 638
886 2361 71
887 922 503
887 2324 703
888 2185 977
888 2392 847
888 2863 477
889 1255 371
889 2055 630
889 2282 362
889 2351 289
890 1501 199
890 2578 377
891 1066 890
892 1768 1349
894 2088 125
894 2272 21
895 1694 1573
896 2216 1016
898 2308 97
900 1411 569
901 2021 128
901 2640 114
902 2852 711
903 2780 1295
904 1929 201
904 1960 264
904 2710 129
905 1876 1074
906 2942 858
907 1333 400
907 1645 465
908 1066 904
908 2971 258
909 2599 156
911 2312 1505
912 1948 545
912 2169 250
912 2910 307
913 1139 483
914 2658 531
914 2917 172
915 2449 155
915 2584 429
917 1657 1658
918 2452 1668
919 1302 1412
919 2259 350
920 1653 205
920 1989 110
921 2012 1
922 960 402
923 953 525
923 2415 334
925 1580 484
926 1193 526
928 2457 519
929 1647 828
930 2319 867
931 993 321
932 1684 243
933 1296 370
934 1759 496
936 2323 152
936 2844 26
936 2859 695
937 1579 65
938 2879 365
938 2990 246
939 1480 146
939 2524 696
940 2098 497
942 1498 221
942 2731 471
943 1235 226
944 2697 57
944 2784 257
944 2917 321
945 2668 315
946 1273 75
946 2017 27
947 1599 184
947 2188 148
947 2451 287
948 2249 267
949 1868 361
950 2548 224
951 1309 609
952 2100 208
952 2161 358
953 2301 676
954 1192 267
954 1301 649
954 2881 129
954 2962 78
957 1348 267
957 2278 1898
958 2000 304
958 2959 381
959 1843 187
961 1535 131
961 1908 193
961 2364 396
962 1792 76
962 2097 288
962 2099 289
962 2117 296
963 2707 96
965 2750 334
967 1495 186
967 2487 13
967 2855 551
968 1369 27
968 2736 592
968 2813 484
969 2840 232
969 2934 330
970 2375 164
971 1495 723
972 2960 1077
973 1403 280
974 2442 629
974 2673 13
975 1936 525
975 2716 544
976 1217 643
977 2635 696
978 1372 507
978 1702 449
979 2820 407
980 1487 67
980 1634 836
982 2587 153
983 1522 241
984 1987 624
984 2947 536
985 1088 209
985 1598 34
985 2786 449
986 1055 200
987 1031 358
988 1582 525
988 2056 279
989 1484 173
989 2277 313
989 2973 232
990 2608 123
992 1520 382
993 1466 188
993 2961 42
994 1984 412
995 2036 411
996 2496 139
996 2676 401
996 2690 57
997 1435 341
998 2412 453
999 1283 143
999 1439 507
1000 2838 833
1001 2516 319
1001 2908 278
1002 2983 296
1003 1338 394
1003 2981 84
1004 2550 469
1004 2787 207
1004 2834 292
1006 1682 37
1006 2539 350
1007 1018 624
1007 1050 113
1008 1028 653
1008 2538 417
1011 1244 41
1013 1892 259
1014 1448 544
1015 1754 863
1016 2203 136
1017 2737 698
1018 2829 99
1019 1228 159
1019 2103 97
1020 2321 145
1022 1113 163
1022 1938 234
1023 2881 274
1023 2932 263
1024 2804 9
1026 2115 326
1028 1894 945
1029 2652 491
1029 2848 260
1030 1297 452
1030 1449 84
1030 1490 858
1030 2366 398
1031 2014 538
1032 1757 324
1033 2569 186
1034 2339 399
1035 1931 18
1035 2623 339
1036 1214 475
1036 2805 202
1037 1140 299
1037 1773 133
1038 2777 269
1039 2059 146
1040 1995 354
1041 1836 404
1041 2405 376
1042 1529 181
1042 1760 159
1042 2648 210
1043 2780 438
1044 1190 48
1044 1391 160
1045 2926 218
1046 2069 631
1047 2924 187
1048 1280 359
1049 2986 1014
1050 1244 255
1050 2467 225
1051 1375 565
1052 2194 474
1053 1781 452
1054 2686 777
1055 1527 414
1056 1473 471
1056 2698 835
1057 1853 477
1057 2624 447
1059 1516 773
1061 2675 397
1061 2913 228
1062 2214 1294
1063 2053 702
1064 2208 94
1065 1193 101
1065 2050 540
1065 2632 183
1067 2515 407
1068 1953 31
1068 2892 306
1069 2913 411
1070 1578 502
1071 1388 838
1072 2371 276
1073 1536 170
1073 1757 117
1073 2015 471
1075 1878 232
1075 1897 135
1075 2842 363
1076 1259 263
1077 1437 107
1077 1594 486
1077 1621 352
1077 2761 232
1078 2131 399
1079 1438 186
1080 1103 1053
1080 1285 815
1081 2220 392
1081 2383 316
1082 2699 505
1083 2721 607
1083 2872 6
1084 2691 2005
1085 1923 598
1086 1241 264
1086 1774 729
1086 1929 264
1087 1673 1566
1089 1716 1429
1089 2358 443
1090 2676 537
1092 1141 440
1092 1691 525
1093 1311 56
1093 1629 1119
1093 1963 1354
1094 1655 280
1095 2918 951
1097 1983 165
1097 2053 84
1098 2215 58
1099 1310 622
1099 2261 772
1101 1523 487
1102 1223 80
1103 1950 422
1104 1193 21
1104 1324 351
1104 2564 194
1105 1496 327
1105 2412 22
1105 2961 21
1106 1961 345
1106 2480 230
1106 2573 697
1107 1157 1410
1108 1132 792
1110 2455 500
1111 1273 799
1111 1284 229
1111 2626 789
1112 2510 236
1114 1179 1353
1114 1770 432
1114 2171 296
1115 1696 38
1116 2927 140
1117 1987 206
1118 2051 611
1118 2627 830
1119 1446 123
1119 2519 719
1119 2604 269
1121 1328 201
1122 2725 421
1123 1738 66
1123 2573 25
1123 2642 394
1124 1981 259
1126 1332 117
1126 1845 210
1126 1861 472
1127 2134 141
1127 2327 138
1128 1517 512
1129 1645 43
1131 2478 575
1132 2503 381
1133 1772 8
1133 2515 564
1133 2624 229
1134 1242 61
1134 2469 339
1135 1370 258
1135 1746 15
1136 2926 276
1137 2434 200
1138 1950 378
1138 1980 343
1139 1658 384
1140 1815 145
1140 1882 495
1142 2181 873
1144 1610 199
1145 1814 407
1145 2213 473
1146 1737 220
1146 1850 240
1146 2066 795
1146 2681 336
1147 1400 141
1147 2848 179
1148 1157 75
1148 1683 1136
1149 1732 465
1149 1818 387
1150 3000 216
1152 1821 1962
1152 2229 3
1152 2488 23
1153 1550 503
1153 2094 194
1154 1819 394
1155 1773 455
1155 2200 307
1156 1168 777
1157 1260 488
1157 1345 143
1158 2401 516
1159 1305 335
1159 1513 99
1159 1769 530
1160 1189 955
1160 1360 662
1161 1932 212
1162 1613 222
1163 1389 1256
1165 1698 1169
1166 2186 458
1166 2347 385
1167 2119 689
1169 1655 469
1170 1586 205
1170 2548 437
1172 1693 21
1172 2453 635
1172 2917 136
1173 2090 472
1173 2999 517
1174 1208 333
1174 2832 17
1175 2108 2605
1176 1217 46
1176 2534 791
1177 1978 151
1177 2234 711
1177 2299 298
1177 2349 283
1178 2412 58
1180 2890 407
1181 2851 92
1182 1819 342
1182 2136 423
1182 2852 196
1183 1981 176
1183 2251 77
1183 2681 398
1184 1280 97
1184 2124 40
1185 1737 288
1186 1531 401
1188 1738 462
1188 2702 186
1189 2696 653
1191 1689 257
1191 1889 93
1193 1447 487
1193 1855 398
1194 1432 174
1195 2905 20
1196 1249 232
1197 1708 580
1197 2376 526
1197 2377 419
1197 2557 257
1198 1644 580
1199 2408 198
1200 1515 1327
1200 1568 612
1200 1767 51
1200 1841 75
1200 2212 316
1201 2884 377
1202 2573 339
1203 1796 425
1203 1927 665
1204 2357 554
1204 2760 149
1205 2282 918
1207 2120 309
1208 1739 317
1209 2028 682
1210 1218 28
1211 2475 78
1212 2097 953
1213 1632 437
1214 2191 602
1217 2240 7
1218 1358 620
1218 2581 248
1218 2825 354
1218 2940 668
1219 1492 748
1219 2051 573
1220 1568 1331
1222 2112 535
1223 1715 324
1223 2660 94
1224 1427 36
1224 2818 16
1225 2762 774
1226 2227 904
1227 1504 134
1228 1924 163
1228 1933 135
1228 2057 565
1229 1427 102
1229 2121 130
1230 1379 1132
1230 1421 53
1230 1677 388
1231 1307 1076
1231 1696 496
1231 1838 189
1232 1650 305
1232 1837 153
1232 2148 368
1232 2351 172
1233 1924 374
1233 2300 226
1233 2621 97
1233 2682 337
1234 2699 1091
1235 1462 859
1235 1468 254
1235 2419 641
1235 2654 322
1238 1913 436
1238 2176 222
1238 2689 357
1239 1898 908
1240 2067 170
1241 1264 553
1242 1474 897
1242 2008 754
1242 2290 446
1244 1398 273
1246 1315 231
1246 2291 64
1246 2309 77
1247 1468 403
1248 1422 15
1248 2327 378
1248 2564 331
1248 2733 36
1249 2979 652
1250 2357 63
1252 1329 156
1252 2411 189
1254 1814 916
1254 1871 165
1254 2549 700
1255 1391 370
1255 1661 1432
1255 1741 283
1256 2487 325
1258 2613 530
1259 2594 116
1260 2592 522
1260 2606 461
1261 1359 326
1261 2352 670
1261 2441 227
1261 2443 58
1262 1644 553
1262 1646 289
1263 1399 651
1263 1686 986
1264 2998 320
1265 1855 441
1266 2738 168
1267 1546 296
1267 1690 243
1268 2563 767
1269 2884 403
1270 2403 124
1271 1750 3
1272 2701 358
1273 1537 132
1275 2547 518
1276 1381 664
1277 1833 450
1277 2072 197
1277 2450 285
1279 2271 42
1279 2357 493
1280 1419 630
1280 1641 479
1280 2465 804
1281 2792 276
1281 2796 310
1282 2344 519
1283 2154 50
1287 2383 167
1287 2759 418
1288 1444 972
1289 2999 181
1290 1654 1410
1291 1339 498
1291 1895 234
1291 2134 180
1291 2358 294
1292 2125 249
1293 1313 284
1293 1487 419
1295 1509 431
1296 1868 157
1296 2432 61
1300 2616 393
1303 1620 390
1304 1916 114
1305 2204 485
1306 1392 1126
1307 1551 239
1307 2155 397
1308 2300 363
1309 2808 408
1310 2318 538
1313 1529 2
1314 1656 83
1314 2019 396
1314 2070 471
1314 2395 873
1315 1620 697
1315 1714 662
1315 2532 225
1315 2625 1171
1315 2684 296
1316 1582 901
1317 1640 397
1317 1810 339
1317 2077 7
1317 2146 384
1318 1964 499
1318 2622 454
1319 1336 146
1319 2591 251
1320 2113 737
1321 1489 1071
1322 2394 55
1323 1919 85
1323 2158 161
1324 1699 220
1324 2967 406
1325 1857 592
1325 2125 217
1326 1553 135
1326 2005 546
1327 2523 473
1327 2901 162
1328 2407 58
1328 2575 46
1329 2003 9
1329 2306 213
1329 2872 158
1330 2139 641
1331 2473 163
1332 2544 233
1332 2888 217
1333 2853 723
1334 1452 1348
1335 2011 785
1337 2405 180
1339 1563 792
1339 1795 41
1340 2551 29
1341 1723 486
1341 2035 542
1342 2280 940
1343 2870 383
1344 2190 630
1344 2599 372
1346 2139 27
1347 2431 275
1349 1516 240
1349 2024 1554
1349 2054 494
1349 2264 443
1350 2029 250
1350 2716 143
1351 1950 395
1351 2557 306
1353 2083 191
1355 2789 589
1356 2743 1042
1363 1424 141
1363 2542 726
1363 2928 346
1364 1607 370
1365 2199 456
1366 2735 60
1367 2447 324
1368 2643 212
1369 1619 205
1369 1621 8
1369 2645 901
1370 2555 439
1372 1839 430
1372 2781 173
1373 2243 908
1373 2746 556
1374 2242 1029
1375 1502 768
1376 1724 33
1376 1829 478
1376 2540 130
1376 2564 90
1377 2204 260
1378 1643 193
1380 2819 707
1381 1967 201
1384 1549 438
1384 2945 293
1385 2171 413
1387 2097 335
1388 1592 388
1389 2058 172
1390 2275 332
1392 2143 533
1392 2437 115
1393 2208 257
1395 1472 620
1395 1514 62
1395 1666 522
1395 2009 229
1396 2447 1
1397 2966 412
1400 1741 49
1401 2347 74
1402 2420 1008
1403 1540 184
1404 1672 42
1406 2282 582
1407 1733 546
1407 2316 310
1407 2644 535
1407 2671 1224
1408 2479 342
1408 2571 813
1408 2718 186
1409 2449 248
1410 1591 124
1410 2110 420
1410 2266 343
1412 1853 269
1412 2997 211
1415 2402 161
1416 1909 377
1416 2617 277
1417 2114 148
1418 2103 373
1419 1573 393
1421 1998 427
1422 2060 754
1427 1649 86
1428 2135 823
1429 2749 1027
1430 2226 149
1431 2598 130
1431 2763 876
1432 1673 47
1433 2802 42
1434 2852 786
1435 1550 625
1436 2954 276
1438 2212 45
1439 1542 275
1439 2063 265
1441 1552 320
1442 1610 525
1443 1600 50
1443 2183 423
1443 2274 694
1446 1488 384
1446 1676 118
1446 2562 429
1446 2812 139
1449 2603 572
1451 1587 452
1452 2398 254
1454 2061 217
1455 2643 381
1456 2983 32
1457 2470 643
1457 2908 16
1458 2144 358
1458 2279 201
1458 2775 320
1459 2719 21
1460 2722 480
1461 1936 594
1461 2350 620
1462 2497 713
1463 2806 74
1464 1911 51
1465 1816 1141
1467 1996 308
1467 2428 515
1467 2653 247
1469 2304 358
1469 2387 141
1470 2608 817
1472 2230 608
1473 1626 448
1475 1996 197
1475 2254 396
1476 2804 291
1477 2132 185
1477 2157 333
1479 2569 114
1480 1828 659
1481 2674 236
1483 2370 429
1483 2380 1298
1483 2941 219
1484 1585 62
1485 2510 544
1485 2899 1681
1486 2004 595
1486 2810 700
1488 1664 453
1488 2386 1035
1491 1915 274
1493 1566 248
1493 2650 917
1496 2184 128
1496 2767 155
1498 1589 66
1498 1764 417
1500 1545 221
1502 2737 152
1503 2918 83
1505 2464 657
1507 2617 389
1508 1697 347
1509 2944 207
1510 1877 41
1512 1811 519
1516 2166 412
1517 2927 653
1518 2911 37
1519 1707 140
1519 2126 589
1519 2554 87
1520 1575 101
1520 2061 502
1521 2235 441
1521 2570 153
1523 2271 451
1524 1861 489
1525 1969 397
1526 2414 63
1527 2833 474
1529 2258 62
1530 2841 333
1531 2338 37
1532 1640 32
1533 2003 259
1533 2857 626
1535 2531 228
1536 2585 331
1538 1946 1000
1539 2365 289
1540 2226 539
1541 1654 741
1542 1935 167
1544 1846 322
1546 1565 538
1546 1677 563
1547 2367 221
1547 2422 239
1547 2488 3
1550 2412 334
1553 1918 193
1553 2356 257
1553 2642 14
1554 2183 536
1555 1868 72
1555 1898 361
1556 2714 189
1558 2948 603
1559 2965 591
1560 2575 575
1561 2964 245
1562 2135 110
1564 2115 26
1564 2806 164
1566 2786 421
1567 1674 40
1567 2978 397
1569 1757 169
1571 1756 568
1572 2289 547
1577 2996 94
1579 1856 240
1579 2563 470
1581 1731 53
1581 1890 371
1583 1587 168
1583 1709 400
1584 1675 206
1587 2777 149
1588 2408 405
1589 1969 333
1589 2316 363
1590 2227 4
1592 2025 309
1593 2654 204
1595 2476 1082
1597 2993 545
1599 1816 163
1599 2252 120
1602 2992 443
1603 1911 83
1603 2682 975
1604 2239 336
1604 2445 325
1604 2793 373
1605 1965 360
1605 2310 214
1607 1965 72
1607 2181 318
1607 2410 178
1608 1848 220
1608 1988 88
1608 2418 299
1609 1671 559
1611 2225 18
1611 2620 153
1612 2453 777
1613 1735 7
1613 2461 21
1614 2955 217
1616 2557 101
1616 2856 993
1617 2560 12
1618 2359 20
1619 1929 229
1622 2440 48
1624 1841 100
1626 2089 895
1630 2517 1317
1631 2305 281
1632 1669 198
1633 2711 142
1635 2592 383
1636 2346 172
1637 2416 358
1637 2611 123
1638 1887 42
1639 2536 1666
1643 2702 95
1645 2809 45
1646 2020 617
1648 2677 247
1649 2049 673
1650 2585 346
1651 2072 548
1652 2827 351
1653 2494 894
1654 1901 926
1655 2617 164
1656 1721 226
1656 1996 387
1657 2735 110
1658 2355 338
1659 1680 261
1660 2315 405
1660 2823 311
1665 2491 73
1665 2789 171
1667 1820 106
1667 1968 86
1668 2340 1
1671 2326 422
1671 2613 551
1674 1791 471
1674 2919 130
1675 2078 607
1676 1983 180
1678 2689 386
1679 2889 578
1680 2136 277
1684 1722 196
1688 2832 74
1688 2960 76
1692 2438 184
1692 2505 156
1692 2675 499
1693 1804 11
1695 1927 30
1695 2404 397
1695 2485 447
1696 1906 380
1696 2027 124
1696 2302 322
1697 2092 793
1698 2051 885
1699 2982 9
1700 2862 178
1701 2756 327
1701 2996 135
1704 1902 504
1705 2823 27
1706 2844 781
1707 1788 149
1707 2452 212
1710 2379 45
1710 2474 271
1711 2253 275
1711 2893 523
1712 2701 1074
1713 2110 687
1714 2574 634
1717 2477 146
1717 2707 257
1718 1763 175
1719 2199 8
1719 2714 248
1720 2713 410
1721 2424 319
1722 2886 337
1723 2521 371
1723 2999 358
1725 1994 278
1726 2556 754
1728 2307 326
1731 2484 70
1735 2450 210
1737 2079 731
1739 2902 469
1742 2346 2
1743 2581 796
1744 2942 192
1745 2901 241
1747 2101 722
1751 2143 205
1751 2492 573
1753 2765 395
1759 2365 45
1760 1763 644
1761 2430 325
1762 2547 626
1765 2476 586
1766 2821 609
1767 2085 17
1767 2570 102
1771 2056 376
1773 2137 898
1773 2873 714
1776 2895 202
1777 2946 523
1779 2084 81
1781 2344 521
1782 2019 340
1783 2620 190
1784 1854 1077
1784 2228 876
1786 2874 190
1787 2688 276
1789 1964 380
1791 1973 131
1792 2482 198
1794 2586 422
1797 1884 403
1798 2266 644
1799 2429 283
1800 2105 409
1800 2840 316
1802 2127 176
1803 2879 640
1804 2590 120
1805 2433 466
1805 2733 53
1806 2021 527
1807 1850 13
1807 2142 166
1808 2251 227
1809 2337 92
1809 2361 223
1812 2633 381
1813 2868 80
1815 2730 834
1816 1980 286
1817 2096 300
1818 2527 582
1822 2927 215
1823 2503 447
1824 2933 41
1825 1862 537
1825 2326 450
1826 2123 140
1828 2058 585
1831 1855 757
1832 2123 199
1833 2002 337
1834 2028 503
1835 2792 230
1837 2173 49
1839 1945 209
1840 2854 8
1841 2032 25
1842 2059 306
1842 2093 357
1842 2499 312
1845 2314 426
1845 2923 270
1849 2848 171
1850 2218 428
1850 2430 510
1851 2176 198
1852 2248 46
1852 2904 215
1853 2526 1195
1855 1966 672
1857 2686 107
1859 2389 263
1861 2360 495
1862 2011 268
1864 2172 375
1865 1870 629
1865 2875 519
1866 2472 171
1868 1888 102
1868 2187 162
1872 2672 1060
1873 2303 359
1874 2840 16
1875 2449 648
1879 1931 497
1880 2431 755
1882 2237 682
1883 2815 640
1885 2005 149
1885 2799 352
1887 2021 429
1888 2113 391
1888 2308 69
1891 2711 5
1892 1952 211
1892 2867 543
1895 2669 119
1896 2701 156
1896 2744 456
1897 1914 195
1897 2471 278
1899 2144 32
1899 2638 898
1899 2849 55
1900 1995 36
1901 2836 413
1902 2001 299
1902 2490 356
1903 2740 476
1904 2219 224
1906 2307 177
1907 2619 885
1907 2738 170
1908 2665 490
1909 2250 33
1909 2637 249
1910 2722 223
1912 2552 385
1914 2270 498
1914 2387 591
1914 2702 65
1915 2085 88
1915 2265 751
1917 2917 20
1920 1949 1654
1921 2926 128
1922 2053 757
1924 2341 1366
1925 2704 514
1926 2554 49
1927 2109 259
1928 2357 155
1928 2761 379
1929 2081 231
1930 2836 226
1932 2025 101
1933 2631 47
1935 2267 693
1941 1993 227
1942 1982 349
1943 2825 332
1944 2754 84
1946 2385 362
1946 2621 426
1949 2159 313
1949 2840 478
1950 2320 283
1950 2347 423
1956 2514 1086
1958 2865 834
1959 2120 1622
1960 2014 285
1960 2493 184
1964 2572 1348
1965 2129 418
1968 2025 36
1968 2229 41
1968 2289 872
1968 2506 479
1968 2864 211
1969 2871 378
1974 2726 854
1975 2900 272
1977 2234 864
1979 2706 790
1980 2273 1020
1982 2003 41
1984 2248 610
1985 2713 407
1987 2357 258
1988 2330 182
1988 2378 516
1990 2822 222
1992 2563 262
1993 2135 338
1993 2145 69
1995 2223 245
1998 2364 221
1999 2867 50
2003 2082 108
2004 2263 530
2004 2887 48
2006 2512 77
2006 2908 80
2010 2037 463
2010 2414 451
2011 2657 621
2011 2692 126
2012 2178 904
2012 2259 8
2012 2277 306
2016 2257 117
2016 2692 582
2022 2643 213
2026 2672 550
2028 2676 154
2029 2198 69
2030 2408 103
2030 2409 142
2033 2556 156
2033 2712 559
2039 2660 876
2040 2906 539
2041 2794 812
2042 2128 748
2042 2354 611
2043 2174 720
2043 2472 236
2043 2517 76
2043 2807 272
2045 2440 276
2045 2845 94
2046 2412 609
2047 2755 789
2048 2226 383
2048 2609 44
2049 2147 591
2051 2361 520
2052 2249 278
2053 2821 541
2059 2745 274
2063 2600 156
2064 2110 371
2067 2850 298
2068 2793 214
2069 2750 291
2070 2071 114
2072 2687 1186
2073 2310 450
2075 2094 571
2076 2551 447
2076 2895 280
2077 2774 1302
2078 2502 553
2080 2325 552
2081 2603 218
2082 2197 298
2083 2775 500
2085 2415 656
2088 2153 16
2091 2660 30
2091 2994 444
2094 2565 592
2097 2695 11
2099 2454 50
2100 2897 440
2102 2288 1049
2102 2793 634
2104 2879 880
2106 2553 705
2107 2601 365
2109 2122 102
2110 2882 829
2112 2889 275
2113 2394 248
2114 2281 150
2117 2724 47
2118 2783 13
2120 2906 256
2131 2699 94
2133 2199 175
2135 2466 53
2136 2539 410
2140 2488 45
2141 2628 584
2142 2914 45
2144 2685 225
2146 2296 32
2149 2356 139
2149 2463 105
2150 2664 141
2150 2807 539
2154 2846 939
2156 2407 333
2160 2799 236
2162 2417 534
2167 2631 180
2170 2690 243
2170 2764 724
2172 2205 708
2175 2725 158
2179 2247 147
2179 2919 370
2180 2383 187
2180 2513 869
2182 2716 76
2182 2915 20
2184 2817 354
2192 2830 90
2193 2296 381
2193 2584 385
2200 2629 336
2201 2827 219
2202 2731 841
2204 2924 157
2207 2249 269
2208 2934 78
2209 2668 55
2210 2263 260
2213 2840 17
2214 2667 445
2215 2768 394
2217 2244 323
2218 2883 455
2219 2291 222
2220 2734 284
2220 2766 226
2221 2504 71
2221 2540 295
2223 2708 306
2224 2394 203
2228 2692 432
2232 2596 13
2239 2916 847
2241 2946 1013
2245 2750 371
2248 2399 1416
2256 2636 212
2256 2714 160
2257 2350 478
2258 2590 93
2259 2903 555
2260 2427 318
2261 2749 171
2263 2336 71
2264 2307 360
2275 2907 198
2276 2547 394
2277 2875 23
2281 2930 239
2283 2739 206
2284 2382 227
2287 2393 545
2287 2812 618
2294 2822 292
2296 2866 481
2298 2753 1283
2300 2726 487
2300 2840 103
2303 2321 46
2305 2329 401
2306 2745 25
2309 2672 107
2310 2443 7
2311 2726 481
2311 2935 197
2312 2388 328
2314 2373 365
2316 2864 240
2318 2436 233
2321 2693 5
2321 2990 82
2325 2854 393
2326 2614 752
2331 2804 642
2332 2990 239
2333 2462 490
2334 2631 531
2335 2405 9
2337 2830 383
2337 2908 28
2342 2435 619
2342 2988 464
2345 2553 823
2346 2402 496
2348 2956 495
2350 2594 408
2353 2536 2245
2356 2412 102
2359 2595 169
2361 2917 215
2362 2517 91
2368 2569 182
2368 2758 1206
2370 2828 349
2371 2410 340
2372 2396 300
2373 2535 331
2374 2475 408
2381 2578 172
2383 2753 22
2384 2948 382
2388 2681 287
2389 2705 623
2391 2763 805
2396 2768 146
2403 2980 650
2404 2957 71
2405 2420 1075
2407 2724 336
2407 2768 112
2408 2722 308
2413 2604 24
2413 2963 706
2421 2565 576
2423 2431 81
2425 2903 488
2426 2921 810
2431 2733 59
2439 2851 1042
2441 2773 609
2444 2621 796
2444 2958 766
2455 2995 367
2456 2606 195
2459 2606 450
2460 2756 29
2468 2694 259
2475 2479 98
2475 2751 597
2477 2769 88
2481 2872 166
2482 2974 756
2483 2662 689
2484 2880 252
2494 2908 150
2495 2888 177
2498 2806 637
2500 2934 245
2503 2533 205
2508 2512 451
2509 2992 282
2510 2945 416
2511 2582 431
2511 2604 307
2514 2801 177
2516 2895 222
2517 2923 363
2520 2714 36
2527 2628 370
2529 2670 557
2534 2556 107
2541 2672 253
2543 2608 1569
2544 2566 187
2544 2615 35
2544 2885 292
2557 2747 165
2559 2908 30
2561 2728 396
2567 2603 178
2569 2898 263
2570 2914 275
2576 2677 325
2577 2673 621
2579 2827 489
2583 2801 1226
2586 2804 337
2589 2816 1413
2589 2922 1151
2591 2946 15
2592 2814 324
2593 2718 109
2596 2681 617
2599 2757 132
2601 2894 335
2603 2738 452
2605 2686 27
2606 2673 2
2610 2829 320
2624 2709 582
2628 2797 1015
2629 2970 894
2631 2788 301
2634 2960 1223
2637 2694 36
2643 2956 322
2647 2754 536
2648 2881 232
2651 2997 199
2653 2985 169
2654 2989 157
2655 2952 61
2663 2984 427
2667 2887 50
2671 2703 616
2674 2700 382
2680 2830 122
2683 2966 428
2689 2801 81
2697 2993 377
2718 2844 287
2719 2849 128
2728 2843 463
2728 2923 274
2729 2971 281
2731 2824 433
2735 2770 207
2740 2938 24
2753 2911 323
2756 2944 411
2764 2909 461
2770 2848 187
2776 2919 173
2786 2955 273
2786 2975 148
2790 2865 531
2792 2942 11
2800 2861 268
2819 2931 1051
2823 2891 415
2823 2929 175
2826 2845 40
2827 2836 203
2828 2990 102
2847 2887 682
2858 2927 1336
2872 2920 55
2881 2991 186
2884 2918 188
2900 2946 821
2910 2912 96
2919 2930 478
