9656
9093
9120
4928
6942
5318
2583
4522
2233
1242
6849
1780
7337
9532
2603
8474
4710
7066
5541
4303
3652
9767
9487
9193
3086
2955
9386
9509
8590
1212
6328
5016
1193
3089
7281
5111
1207
2120
2902
1434
8990
7530
3107
3707
8302
3898
1099
8864
8169
7808
6045
4658
8079
9023
2097
3445
3648
5364
8817
1073
8749
9535
7505
8813
2303
8298
2605
6487
1853
7488
6331
7605
3891
1922
1863
8730
2072
1835
2265
3754
8284
7540
6726
8782
5927
8419
7281
5874
4864
5941
6077
9973
5946
4915
3883
8180
8572
7512
2971
9514
9016
9864
2256
3869
6328
1156
7108
1225
7138
4641
3740
8678
6643
9120
4040
1271
9470
6404
9932
7259
1650
6703
1729
3505
7086
4943
2888
8551
4755
7932
6846
9624
9538
6808
5151
9614
9622
9575
9826
2411
6701
4644
3120
8094
6688
1788
3390
6403
6001
2666
9871
1124
2938
8248
7584
2532
3099
3803
6348
9798
9830
7352
4794
5997
1798
1280
8109
7886
6067
3788
2524
3416
9891
6477
3204
2057
4188
4150
3862
6252
2270
6447
5737
2546
3764
5962
9975
8224
3956
9597
5481
7233
1729
4677
5354
5276
9521
1138
4689
6051
5343
4215
5387
8166
2233
6819
6790
9395
4396
7870
1964
5062
1242
5284
2756
2049
7599
6203
9625
2530
9446
2297
5183
3528
8973
1500
4042
6957
7971
2146
7220
2170
4788
4230
7631
3916
6509
3054
4073
5954
7462
7643
4621
1656
8042
9009
1943
1474
2755
8728
1995
2610
2991
5517
8039
1364
7632
6804
7311
4691
7753
3624
5900
4610
3775
3823
3361
8653
7952
2999
1537
1190
8447
7876
1812
7760
1230
6194
8833
2575
3865
5548
9614
1044
9606
1502
4633
6643
1075
7968
5737
4886
3229
5704
1191
6970
6092
4135
3539
3987
5206
4795
2994
5340
3823
8424
7221
2906
7079
7319
6940
6751
1785
9659
2273
5605
5782
3480
5554
8539
8475
2864
2307
2279
5599
8850
8068
6798
1710
9755
4171
8994
1228
7139
8858
6580
1830
8075
7354
2550
3843
7777
9717
3851
1733
1506
1818
6785
4188
5446
6295
4540
7633
5950
3815
3688
8007
3717
3467
6161
1730
2226
5238
5678
3380
6549
5144
5798
7965
3061
8671
2779
3134
5553
4740
1567
7957
6217
5969
3152
3493
5222
6095
8474
4591
8904
7382
1972
4110
1760
1301
7147
3700
7731
8359
5317
6525
5580
2015
1758
8401
1274
7475
6952
5378
3934
5538
1390
7639
8978
9788
2038
2428
1896
6070
5163
5224
2521
3861
5936
7530
3778
5522
3906
2605
7184
6425
3004
8736
9738
4528
1693
5619
9614
7570
1305
3795
8670
8114
7930
2489
5294
2638
5931
9964
4851
3900
9811
3219
7451
7317
1351
1694
2599
3852
7263
5857
1396
9424
9709
2507
7285
4219
3413
4841
9199
8776
5549
4217
8184
2504
6352
9109
7976
1170
7168
8954
8298
2379
4641
5994
3187
6709
5967
2285
5373
1502
4689
9004
8003
4945
3116
5066
9250
2360
1783
8581
3506
3966
1434
4890
2339
6343
1770
6812
3425
7672
4918
1424
9949
1900
3865
3308
8241
4270
4120
3367
3145
5519
4708
8617
5132
2299
9085
8155
8379
8724
1336
2037
3191
6635
8842
4379
2651
1000
5947
3826
9385
4581
8714
7846
2710
2080
3793
7891
6782
8538
5048
8351
6152
6399
8580
9591
9147
6596
6233
3855
7318
7652
1488
2017
8985
5364
3848
7444
5522
5756
2692
9313
5171
9470
6962
4389
3748
9493
8330
4315
8428
8109
7878
7281
2025
1451
8119
1340
9514
7370
1595
3989
7460
9809
7385
5449
8326
1036
8389
9836
8547
7902
6104
5427
2772
7164
6842
9712
7984
1815
1603
6890
3753
8794
4616
9755
6836
9422
6302
9735
3776
7685
1389
1167
1857
6287
1652
4914
1667
5895
4292
8640
7299
3184
1651
3943
8424
6185
3907
3439
2243
1371
7000
9619
1756
4296
4556
1073
3603
8603
2749
2526
3491
5151
4825
9854
6293
1704
2747
9514
5793
2492
4368
4938
6159
5216
7391
8275
1759
3138
2029
9858
6525
4002
3155
1920
5899
8384
8979
4506
8183
8223
4661
3165
6716
9325
9945
5231
4338
4436
3036
6757
4224
2331
6649
1598
9876
8265
4850
7356
5091
1314
8194
6549
1395
1747
5764
9342
4740
7745
2515
3143
4290
1362
4622
5806
3669
1693
1907
9279
4952
8470
9915
6937
3073
4329
3166
3346
7026
1059
3884
4128
3304
2018
1136
2150
6420
7937
9881
3603
5691
3817
8864
5972
3417
2278
8698
8586
8561
1952
7162
4196
7591
7821
9529
6933
1391
3525
9847
3760
4891
1496
2435
3060
6017
8357
3818
9908
3740
3848
8230
2820
4615
3660
8955
7152
4788
5309
2112
3052
7011
2013
4557
4717
1013
9345
1816
7795
6766
8093
3161
6791
7072
3177
6951
2598
3781
8998
6728
5346
9473
8769
4558
6604
5934
5255
5704
4533
9772
3585
3224
1509
9282
8311
3635
8984
9332
8659
1353
7018
4617
1383
4253
8798
8213
2024
1450
6248
4833
3806
6866
2092
1048
9292
9024
8489
4889
9583
2881
9926
6709
2662
8874
8971
1868
2037
2170
5597
8683
6308
6347
7908
8601
2824
5557
2606
6571
6104
3684
1108
8443
3106
4843
1208
6068
7725
2532
4950
6813
5080
9185
6925
4809
9468
1947
5388
6940
6499
5205
1936
1728
9859
9786
2645
6914
6032
3851
3644
7374
2664
3508
5546
3978
7405
4142
1433
9838
8693
4583
4674
2616
3585
3515
5202
1014
3033
9471
5729
7842
9893
4775
6574
9798
9879
6880
7843
5854
7607
5424
2452
4552
3494
6252
2246
8864
8741
2390
3590
9234
3960
8333
9388
4450
8013
3635
1752
9111
6725
1754
7105
8817
1237
8357
3455
5253
7603
8163
7552
8707
1813
2205
8463
9724
9948
3973
4631
8690
5598
5663
1025
8286
3255
5074
1768
1050
6039
8075
7283
8672
6425
8087
5054
2073
1493
9604
5794
1201
3360
9355
4311
1017
1743
2355
5818
6564
8013
5204
6119
1272
5589
7645
3640
6089
1222
2323
4193
6389
8138
5143
9163
2453
2988
2881
5180
9487
3052
2278
9107
7837
4763
7583
5151
9131
7359
3197
3225
9649
8862
2496
3077
1920
4915
8784
1954
5965
4178
9047
6282
9742
4064
6636
8312
6414
9159
8399
3098
7725
7884
3459
8047
2851
2109
3787
3263
4317
4179
4710
9932
5048
4193
2505
3604
9685
7426
4614
4619
4109
9083
7939
7497
2807
6898
7334
1651
2589
4691
7152
5783
2967
9329
6773
3855
4430
4440
4574
1409
6358
8419
1928
2610
9444
5844
5824
3727
9595
7227
3917
3687
9860
5052
5803
6798
3310
7252
8044
3467
3350
9577
4088
5900
6425
7691
4050
2890
8434
5952
4542
7421
9909
3328
2749
8691
9674
3162
9306
4675
7177
9640
9472
6771
2392
3114
9762
3640
6911
7879
5902
2857
3228
2200
6037
3401
5484
5444
4600
3499
5055
8030
1417
3711
6701
9164
7783
1973
6871
3031
8172
2798
8608
7495
5780
8640
7612
3224
7551
8483
4565
4235
2147
7059
8695
3890
5362
4623
4329
8646
8567
1600
6199
6808
9810
5628
6431
8862
8887
3448
9019
2243
2120
7760
6039
6260
7243
3067
6656
6749
8954
8011
6230
6931
7312
1517
7559
5433
2123
6111
1046
7366
5277
6313
6021
2764
3771
7611
8235
8031
2924
7335
4494
7720
5830
6689
6233
4474
9204
9256
2497
1430
4951
6511
1955
6003
6520
7457
8054
8460
7828
2440
4716
9123
2501
2220
4152
7520
2118
8157
3746
7972
8827
1085
1982
7440
1120
2718
3001
4686
4590
8836
7209
3418
3776
9742
9528
2230
4318
6854
8253
5803
8622
7799
9743
3587
5002
8328
9560
2619
7010
3571
1212
9386
3062
7897
1667
3937
8756
7959
7252
8694
3095
1998
6661
1844
4968
3930
1311
9649
6183
1324
4011
8778
7900
8444
4403
3051
6041
8420
7368
7322
3185
9327
4110
5400
5186
8363
2008
6273
1801
4830
5860
7039
5149
1503
8572
4829
1693
8920
9831
6019
4069
2041
7449
2083
5559
2998
2633
6833
4303
3743
6316
2329
8410
5607
5667
1175
1263
1200
9345
1099
4027
1863
3587
6597
6683
4777
5759
1044
5803
8950
7412
2629
2499
1654
1379
2577
7241
4739
5601
2270
7403
2152
9465
2150
8931
2472
6741
9829
2805
6265
1643
6089
1962
4228
9333
5638
5153
6545
5243
3719
1149
9015
1603
6300
8955
2709
9344
2583
4019
3159
1211
6147
1418
2964
7325
2567
7648
6329
5819
5943
7724
6193
3188
8398
5404
1404
9375
3960
9836
3718
6430
1798
6989
6116
5273
3711
6097
2268
6340
4571
5134
9285
4889
4949
4118
7380
6184
7593
5701
6500
3352
1482
4640
1561
3199
6387
7506
9192
6792
8982
5510
3452
8106
6903
6057
4151
3084
2715
6656
9806
2177
1538
4324
9334
7965
2612
6776
7176
7835
4798
1119
8379
7472
4568
8032
3996
5682
7655
5014
1321
8450
4621
8931
3836
2328
8445
6590
3313
4503
3617
7191
7388
1908
1468
2579
9142
3452
9160
2851
3261
6815
8385
1384
3260
4334
6101
2320
9539
5128
4971
4933
7908
8291
2343
6263
9324
5003
1187
4082
1037
5905
7787
3058
1412
7852
8040
1391
9335
5446
7554
9890
8905
9074
3037
6391
1885
7515
1610
9877
2650
8192
1913
8020
6707
3059
1390
7037
2495
3214
2150
8905
5944
8460
2816
8216
6409
7528
1800
2147
1694
2127
6325
2741
8381
1822
9778
5443
5270
1634
3856
2304
9231
2937
7770
1522
6915
4575
4651
8110
9702
3080
1110
1551
7318
7286
3917
1755
9705
8473
8703
4289
4864
6024
4694
3560
3807
4180
2951
8003
8652
3333
2603
3690
8533
2705
9195
2924
1165
6420
3735
8859
9008
2855
2372
8706
7527
4663
4634
1491
3683
1202
5604
9128
7492
5392
4346
6644
4782
2163
3749
2724
9387
7812
7936
9031
9675
1515
3245
9437
4715
5478
4103
6003
8057
2892
2452
1921
9713
7002
7837
4056
8958
2815
9505
6943
2879
6791
8379
8526
8808
4124
1460
3755
2063
4674
8946
7711
7453
5100
5687
6581
6786
6580
8014
4515
6026
9078
8279
8234
6686
9831
4938
2672
2839
8863
3625
8129
6140
2084
1269
1996
9056
9731
4859
5008
9012
7772
1630
7727
6507
1067
8476
7491
4108
1584
7031
2310
5146
4617
4500
8375
2415
2403
3163
7277
2996
6888
4469
4642
1338
4956
6800
7098
7734
3343
5518
2228
8185
2831
8569
1161
7876
9733
2067
4698
7793
3480
4839
7481
6878
9321
1665
3708
7011
5132
3276
2425
6667
4953
6354
3931
4797
6533
5154
4967
4927
2129
7613
7066
3680
5256
8929
9060
5952
5144
3207
6744
4923
3867
8738
7115
8761
9261
6483
6265
2473
3833
7844
2912
6819
9493
2681
1896
4333
4999
6278
9104
1643
5662
3102
6750
4799
8101
5382
6547
2725
3499
6382
8287
3017
7987
9683
1537
6335
3293
7327
2353
2872
4668
9753
2481
8170
8422
5122
1415
1001
9915
8875
2412
7820
5073
5535
1539
4852
9557
1836
3920
6861
7607
1975
3164
9563
5026
9581
2528
5570
4222
3574
8359
2449
8498
2312
3968
4818
7855
7675
6369
9905
5953
5540
2971
9902
8331
5081
9798
6589
7358
7970
3591
2134
1788
2823
3725
2372
4669
7003
5410
4960
5720
6720
3549
3682
1677
8580
6730
4845
8896
2124
6816
6557
1709
6979
5003
4578
2919
9856
8121
5276
4409
4868
4489
5088
6114
4445
4376
7506
6128
6200
5625
9894
9648
3740
1760
9971
1953
2026
9375
3492
6547
7324
7860
3464
6870
7894
1343
2748
1344
9779
7531
5583
6610
7772
7693
5132
1423
7293
2175
7559
4076
8816
4363
2478
2360
1390
6421
2927
8084
1881
9732
7521
9586
3787
2344
8636
6588
1270
9486
8839
8828
6676
3807
4937
4157
2287
3246
3448
3877
7539
1103
2473
6467
4121
1925
3233
1609
3777
1041
3690
6597
4901
9625
7241
9326
7721
4323
8905
4751
1179
3969
2385
2772
2885
6167
2663
8038
5430
6455
1370
6206
1394
5831
3141
6468
7651
7896
4253
2922
7774
2109
9211
8347
1200
2287
1252
6565
2989
5408
8352
8607
4431
9277
9581
6929
1767
9273
4293
6494
1213
3694
9327
7510
2252
3714
2090
2891
8411
1432
4379
3810
2128
8121
6387
6630
7239
1891
8111
2919
3763
8546
6554
7102
9945
5803
2298
5998
5703
6920
6205
8679
1746
5045
2834
5146
1704
7578
4507
4771
5581
3666
7410
9900
4986
6251
2093
1930
9051
7822
5532
2549
1373
6756
9718
9954
6320
8826
8316
8975
8797
2560
5060
4055
3877
3896
7717
3952
9279
1912
8891
4928
8287
5330
4655
4553
1213
6298
6075
3007
5826
4956
6340
5257
7164
5452
6772
8379
9032
3213
6075
8009
7221
6232
1413
8973
7047
4523
9581
4558
6400
3582
6335
4265
2478
3668
3231
4326
7033
1181
3640
5990
7571
3716
6118
2708
3486
7557
2804
5860
9743
5832
2420
6736
9373
9669
5126
8413
3549
6814
7521
4640
1292
2278
4344
6998
3824
4618
4137
1936
3663
4468
5935
4743
8243
3485
4284
1953
4341
2171
7004
3608
4883
6765
4877
1010
6909
3855
8707
4117
7644
9053
1036
1547
4118
2955
8350
5299
2209
1883
9595
4624
1949
6543
9240
6806
9110
6552
4329
3489
3312
3884
7340
1238
9638
7848
9562
2412
6469
1281
8080
9013
1886
9307
7470
7942
8493
1567
1841
3556
9812
4284
3596
7636
3550
6488
1097
4718
6464
9264
9818
2179
3878
2256
8140
4617
5672
8463
2432
2939
4570
8959
6308
4004
8541
4442
8323
7819
4831
5120
5456
2592
6372
9853
9898
8018
6591
2955
1575
3949
6314
4428
4377
5243
4839
8675
4751
8069
4721
2725
4326
7433
5999
2784
6138
8903
8783
3343
3800
6528
1869
5037
4793
8927
9988
9947
1300
8042
1712
7641
1819
6466
3095
8330
6153
7005
5514
6950
2104
2073
1278
9115
2100
8438
6968
5158
9641
2956
5862
2261
3318
8766
7336
8863
8754
8365
5701
7408
1052
2302
6392
5765
3212
7677
1999
9107
8256
1310
8242
7799
5093
3803
8849
3132
8376
3777
1314
9984
2695
7791
7987
6515
6289
5282
9373
9235
4054
4962
6006
5985
1216
1767
6381
4960
3257
5752
2545
4250
7992
1323
9089
5337
7070
6485
8924
9943
1380
5296
3263
6434
6517
2160
7784
1690
1986
8006
2819
1673
4632
2109
5542
6243
6909
1607
3053
3966
4530
8576
3967
3112
2811
4938
2727
4244
8666
1080
1419
5891
4380
4465
3464
1154
7318
9539
8377
2075
1256
5981
2688
5385
8978
3563
9045
5166
3308
4677
5409
9487
7286
5348
4617
5000
7049
6188
6610
4918
1892
3491
5552
1186
8229
6436
1735
4596
4958
4550
9970
6068
6334
4529
8172
4115
7876
5992
7713
9563
3231
2321
5386
7562
3516
8219
7763
4877
3070
1836
9124
6236
8033
6470
7767
3182
7572
4256
8612
7598
3104
6795
5136
6395
5286
4157
7588
6021
5727
7395
4044
3642
2838
6658
3776
6189
7845
7681
9168
3386
2030
5453
2233
4047
4060
3882
7346
7429
2943
7178
1932
9494
4534
8061
4622
3835
3235
1285
4996
3660
5723
3052
9571
6895
8356
7292
9534
4685
4378
9775
2610
5711
3802
8337
5445
6181
4751
4175
9353
1826
5871
9906
6016
4292
7451
1343
1747
8099
4082
6068
7401
5373
2032
1072
9807
7415
8645
2665
1603
4377
1024
7267
1539
5790
4736
9893
1301
8581
9860
4882
4248
1602
9168
7256
5246
2071
3683
5159
4621
5866
3928
6675
2139
7459
5198
2224
4406
8304
8272
8872
1489
9451
2048
5795
1420
1868
1077
5442
4234
8778
9783
6119
3828
9310
6826
3568
8646
5544
3335
7396
4283
7918
9290
4239
8366
7215
6101
7571
2539
5649
7208
9674
8091
1614
7062
2547
2146
6826
7442
6916
1042
1049
1198
8064
6527
6622
8689
5737
1975
6621
9674
6907
5036
5552
8306
4301
4789
9188
1990
9414
7559
1251
7261
8145
2559
1231
5863
3941
7738
4382
6849
9948
7033
5759
1003
6775
1213
5806
5852
8719
6391
4899
3188
9881
7648
1275
1672
6259
1150
9269
7275
7003
6592
2905
6130
7653
8478
9913
3042
3372
9843
4340
4912
2900
8676
6039
6816
8750
9671
7926
3778
2340
9630
2062
8330
4737
9155
5850
7688
7752
7773
3978
8587
6368
7858
6597
7084
2164
9967
8638
8871
7711
4139
1882
2450
1860
2085
2621
4930
2317
2907
6877
1293
9734
6067
2768
7253
4437
2633
1534
4207
3917
2687
9899
2488
8113
7308
9170
5543
2193
8176
9903
8342
5015
5589
1730
3972
5993
8323
6358
8332
8108
6640
5385
8847
9826
1297
6185
5303
7769
2165
2988
3259
8576
4951
1570
9993
9767
2317
3598
9774
4039
5494
6823
3697
4480
6291
7272
2271
7836
5859
5155
3135
5424
9026
1470
8984
8751
6066
2807
9994
4639
8563
7558
2194
1584
5063
9700
2565
8760
7426
6097
9954
4368
4193
2986
7017
2596
3896
2657
5603
5640
6102
6038
6892
6823
1062
2939
6606
2905
8604
6301
3304
6852
7179
5233
5722
8291
6244
5733
4052
6527
1597
4663
9113
9787
5923
9095
6016
4857
1070
4825
2510
8554
4688
8779
8705
2031
6875
6969
4997
9490
6081
2973
5531
7196
6679
9773
1946
6527
9759
5803
6044
9113
3510
3669
4461
8481
9961
2569
7280
7024
9752
9320
9715
9568
5090
8510
2655
6618
5805
2178
9843
5285
4901
4387
4593
7058
5069
6637
8407
1382
9760
3593
2752
7199
1076
1933
5867
8190
2064
6824
5857
5775
3321
7757
8483
2316
3519
6909
6531
6228
2444
4329
2782
9412
9959
1103
9088
5674
4907
8530
8777
4020
7477
7379
7401
1431
8191
8056
9157
9121
4658
3311
9699
1273
1354
6443
2980
3726
1987
5574
9419
6928
9233
5412
2763
1044
5470
1012
6545
7566
3748
2740
3494
2974
4831
1879
8906
9858
2658
1642
3531
3258
3077
5460
2191
7888
7193
9356
2680
2806
1377
6406
4191
1983
9086
3038
7573
7144
8645
7394
3177
9040
5614
3987
8046
6867
1890
6647
5476
5288
5730
8873
2922
5189
3371
3209
6825
3823
2840
1486
3094
4353
8765
7677
8502
9850
5810
9645
9008
3599
7884
7974
8148
7760
2091
6053
4339
3218
2562
1665
3891
1952
7961
7277
6090
8099
4961
8803
1226
7806
3721
1822
4324
6713
5886
8133
3656
7157
8944
4427
6015
9908
2429
5196
9786
2118
1193
7758
5191
4942
5425
3686
8205
8162
7175
7200
1887
3969
4198
5391
4060
4623
5568
5816
2979
4083
5161
5851
4340
5760
4230
1626
7872
5273
4879
9431
3373
7105
9421
8265
8665
7822
5841
8659
5361
7478
1099
3033
5492
8313
3053
6573
7602
6863
6599
1622
9741
4046
1739
4553
1287
4586
7112
8595
6625
3709
7887
6124
8960
9017
9203
1397
2439
3849
5758
9631
7213
5568
4996
4340
9876
7375
5678
1935
1567
1170
7594
2876
7044
7891
2230
6158
2131
6357
8460
5937
5103
7721
1290
5968
9354
3307
1725
9849
6295
4445
9293
6669
6113
9108
7937
6262
6382
5686
4094
7879
2224
4370
2452
3037
8703
5605
2093
4638
5967
8011
7072
3513
7744
9264
5755
3930
5371
5701
4536
5217
6055
6066
3982
2942
1017
5266
2365
8677
7274
3711
9422
5497
7928
4973
5702
8415
8677
4154
3274
1327
7709
9352
9564
6685
6845
2474
3026
3743
1750
6853
8611
4492
6155
3973
3212
8144
2368
5237
2171
6887
9474
4473
1445
4434
7979
9189
9392
5495
9654
9607
8356
6153
6806
2285
8250
1953
7702
6726
4909
4742
7959
6156
1808
6011
6842
1079
8300
3719
1581
9311
1427
5732
2381
5417
5566
2197
5071
2013
8723
1354
9399
4185
7217
7661
6562
4732
9392
3322
6744
7331
7967
6930
1388
2939
6168
6195
5156
9623
2889
5953
4642
9728
6635
2134
8474
6794
3624
2761
3789
1641
2810
5785
1132
3693
9473
7926
3532
8398
8551
4450
1953
5821
3138
9094
2062
7702
2197
6277
1661
3011
5710
7860
5010
4542
7999
4533
8486
1225
8937
6205
3085
9793
7167
6530
4317
2679
9876
2583
5648
8568
6218
2695
8785
9979
2208
6031
7702
6616
1988
8295
1578
3212
3204
1246
9771
3398
6339
1360
4797
9331
3859
9084
8484
2174
8741
5341
9377
8963
3537
9986
3650
9266
2253
2638
2736
3036
1453
4943
6562
8159
8445
6305
2021
4960
2355
1211
9113
4230
8041
6198
7208
4476
5333
2882
4921
8401
5959
4133
4788
9442
2704
8116
2910
1356
9139
7907
4516
6806
5799
7199
2207
7811
1589
5227
8489
6183
3796
4629
2770
9694
8792
1804
1781
8283
5987
5814
4087
9442
1253
8470
3446
8817
7550
6988
1574
2892
1328
2437
4419
1787
4077
6299
6547
5102
6329
8451
2458
3124
9848
2001
6274
2500
6244
1700
7168
4427
2032
4517
9596
1907
8979
7572
3141
3392
4134
2498
1822
4638
8349
2585
4779
1550
1270
8963
5953
9257
4543
8818
7471
4302
3667
6225
2159
9145
1808
7916
8045
4023
5043
7153
2816
4315
9382
9377
9858
6780
7265
6183
4531
2195
5264
7896
5430
4222
8729
9407
8639
7275
7670
1240
4815
2468
1937
2214
5379
4632
8987
9483
2896
1344
6452
3131
7546
3598
5573
3021
8694
8867
4958
1971
8124
2899
1783
1142
5664
9223
3397
5265
5087
2740
5885
1493
6400
3737
1058
9511
2595
2956
6498
8491
9576
1563
6595
9475
2229
2931
2422
9858
6228
4704
5626
9677
8153
2961
1863
4435
4959
1972
3298
6768
4470
8269
6231
5217
1277
9226
7290
5707
9777
5713
9464
9537
1608
3990
6914
5472
6130
2178
8807
9999
3015
6781
8864
3610
5966
2054
1060
6433
7386
4659
4606
9435
7043
3454
9602
2950
6073
7906
4507
7067
2910
8227
7497
3776
1029
4563
1586
9764
6023
9027
2262
8492
5809
8621
9553
9769
8108
1642
7981
4753
4028
2756
3077
1160
4978
4767
5925
3927
5221
8899
8760
8559
5704
9869
4018
2258
2288
5148
8087
3908
2284
5551
6055
9362
4889
9822
9052
9663
9000
6822
9753
8697
9143
7178
2851
6603
4438
1625
1127
9763
3446
4051
6456
6230
8580
5527
6993
6533
6132
6870
4187
3340
8572
3494
3294
2683
9120
9600
8252
2609
4756
3105
1943
3644
5582
3607
1854
8639
8912
9078
8188
3763
1242
5182
6586
6706
7425
9763
6651
2466
7514
2603
7469
5131
2291
2319
4491
8283
9622
1501
7502
2988
8373
2993
3322
5213
2629
4749
8080
2648
3158
9462
5677
8519
4095
3455
8503
5770
9791
3760
6480
9177
5163
6758
6367
1356
3055
1221
2894
6572
2014
7189
4073
8454
7289
8857
6667
7031
8677
8843
2807
8172
5150
9094
7802
4503
6875
7115
9564
6373
7329
1480
7972
7465
6766
1560
3569
5030
2738
2300
8204
7216
4034
2116
2000
6824
5141
5310
6657
2641
9290
4208
5637
2776
9644
8262
3165
7783
8611
2141
6520
4789
8241
8398
9102
8936
6088
2032
3419
8624
9434
3399
5415
7879
1246
4791
8278
5220
3952
7941
7064
7525
2025
5270
3579
5933
3490
3603
7291
5866
3669
6329
8629
8766
1870
2246
9403
4475
8269
2166
1859
5984
9282
1836
1428
1463
7347
4967
9865
1024
3925
5320
9675
9595
1136
2574
4687
2937
6138
7798
8049
9072
8773
4239
8566
3970
1462
6116
5697
5428
6262
5831
4725
1284
8611
3196
2620
3467
3846
3005
9795
6508
6097
4474
9469
1955
6604
8997
8541
7243
8550
6116
1252
5462
6623
2143
8320
7023
4739
7158
5228
3577
1959
2954
7900
5503
2375
4402
7834
5875
5519
7862
7009
8693
2711
1811
2940
9964
3275
4228
2098
1775
9594
2278
2140
8471
5724
9269
2603
2902
4155
9353
6822
5616
3282
5489
7377
5104
6691
4051
8556
5952
9129
3597
5181
7092
9981
2740
4659
6668
1753
8443
4668
2591
2119
2862
6896
2735
7979
8952
4324
1544
6559
7894
5257
8771
8175
4791
9072
5533
6232
5880
7747
6447
8212
7804
9264
8188
9208
1686
8239
2074
4252
5821
8609
3899
3419
2858
9832
9309
7009
1385
8790
2715
8766
3820
7565
9988
7346
6200
3390
7480
6591
1487
3162
9707
8008
9291
2780
2642
3833
8942
4611
3216
5771
2503
3945
2658
8946
8887
9610
3747
7080
5107
6649
8273
8389
3404
7941
4115
2637
8934
9756
5913
7912
7337
6878
9201
1569
2625
7133
8603
1505
9240
2835
3758
6801
9871
6669
1303
9682
1125
2033
9432
4946
4332
2844
7207
3078
6215
9232
3217
5293
6440
4937
7477
8529
1348
1461
5117
4646
6431
6636
7136
8444
9292
3764
7116
3417
9981
8139
4007
7526
3876
9841
5782
4807
4225
4989
7023
9452
7621
9820
9016
6818
7534
1149
7268
5350
3432
8229
2300
6511
9398
8356
4639
2991
1929
8404
9150
8443
5800
2135
9257
3995
6476
2288
6331
3361
5358
5836
4903
6044
4109
4712
1100
1180
6903
1271
5466
5704
7304
8239
9282
8090
2078
5858
1752
6357
6179
6483
7642
1363
7736
1460
3322
3804
9959
7780
9530
7223
4945
4693
3520
9831
8946
4395
9921
1018
4193
5557
3842
4287
1226
1580
5681
6825
1018
7700
6244
4691
1669
3539
1970
6239
1872
4770
2501
5012
7454
8027
1128
2434
5355
5927
1102
3357
2180
9058
9695
9913
5721
5056
8269
7165
5561
9494
6579
3541
6645
1197
5388
2901
5122
2527
5779
9156
6483
4000
6795
9826
9638
4115
2531
2194
2344
7386
1463
6255
7025
9660
6613
4906
1705
2857
8496
7552
5531
1739
5714
8188
9541
2544
2543
4871
4037
1174
5646
4838
4380
3741
8851
4498
7387
1839
2317
1452
5639
7918
5421
5277
3025
4365
4887
8030
6238
2250
5894
4910
1723
7909
3777
1095
8594
1860
5823
3093
4403
6302
9474
1153
9058
9299
2769
5008
6014
7605
5892
3245
9689
8204
6391
8114
8238
9118
5050
8680
5941
4901
2757
5011
7416
3902
8168
3864
4722
1832
6479
9959
1348
8078
1297
8617
2235
2738
1322
3135
3150
7070
2418
6616
7426
1744
5362
9328
4543
6750
4524
5423
6212
7720
7633
7955
3890
8099
4185
1965
4964
1755
1625
3428
4019
4416
9805
1901
8128
9904
5729
4174
7150
1319
3168
3546
1336
8260
4689
2744
1064
9972
8927
8323
4659
6756
2487
2435
4773
2831
6833
1524
5306
3355
3503
8166
3343
1530
9699
4826
4748
8802
7284
3405
3267
2855
4603
5867
3909
4650
6503
8389
2145
7268
5544
8156
7351
8837
8361
8918
4658
7310
8262
1781
2152
4108
8581
3554
9745
5108
2676
8013
4318
1199
1241
3349
3152
2302
3507
6027
3097
6972
7022
9707
5369
2120
2450
3999
5625
1229
4095
1199
8420
6103
4525
3056
2053
1337
7573
2414
5410
4695
2231
4396
1450
5831
1926
3133
8071
8809
9045
5348
2739
6414
6650
3175
8209
1637
6213
6342
9734
7559
2424
4694
6085
1466
9364
1319
6145
1309
9521
6246
8775
1487
2977
5107
3022
1622
7605
7454
1926
9313
8402
7599
3069
3234
8215
9437
8758
3625
3051
6592
6906
4019
1678
8299
6275
3935
2038
6123
5831
9950
1393
7178
5584
8567
3449
6836
2926
7275
1788
2107
5790
5022
7604
7841
9017
4430
9255
4738
7346
9382
5782
4583
6759
3923
2242
9042
2150
9560
3494
8783
2271
1976
3063
9794
2492
4105
7661
4408
1684
1259
5545
3118
9438
2828
8603
9585
8925
5003
2023
4489
2100
8374
2396
4963
3071
5847
6595
9747
8193
5461
6913
1836
8508
7816
7833
1080
2230
5747
3044
3135
5543
6177
1736
5793
1493
7619
3771
5197
5635
4558
5590
6948
2838
6120
1669
7814
3782
2284
1273
2627
5205
2909
9315
1053
9609
3067
1538
2132
1731
5477
3140
3516
3611
1423
6406
1792
9327
6847
4381
1745
7120
9693
5030
7543
1477
8433
7882
2694
1806
3564
2123
6460
5392
1213
4934
5827
3770
4170
8745
3378
4758
3701
2503
9650
5960
6041
9113
5346
1932
9356
9304
3331
4653
4065
1305
6867
1987
2727
3976
2297
2822
5718
5329
5086
7315
5691
9359
4884
2062
1100
4877
9673
8124
9213
8329
7853
2616
2436
1901
7940
2521
6361
7188
8577
5741
6787
3161
7077
9811
7548
4494
1485
5480
2429
9332
6482
3203
6801
7479
3951
4735
5572
9813
8039
1581
2889
7715
8315
3196
7434
1359
3563
6545
8732
7733
4278
6746
7284
2775
4403
1800
2996
5051
2098
5462
5661
6487
1013
2847
3131
3262
6005
7904
5269
4448
3832
6392
8180
6980
1967
8309
5408
5452
6393
5197
2575
4892
2169
1255
7205
7782
1702
1751
2720
5765
7815
5284
2480
8955
8570
2077
5800
5075
1098
8751
8483
6968
1551
5286
5719
6886
6482
8005
5360
2900
7206
9461
3495
5231
9236
1919
6336
3158
5080
5209
3095
6854
8489
9563
5824
9314
5371
6717
3528
9941
8995
7005
9105
2587
3823
8379
1739
1882
6910
9990
5644
8305
2180
6873
4095
7598
4217
7663
8316
3390
7995
6361
2069
2357
8591
1077
5628
9870
6384
8594
7638
9102
1047
5733
6002
6431
5242
5971
4958
8672
5695
8513
6948
6819
3191
6267
5616
8690
2414
8749
4518
3332
6261
5072
9407
2225
1223
4237
7369
4528
7730
4671
7042
5507
7097
6175
7380
3931
5269
6430
4098
2107
2547
4867
7140
2082
5361
7718
9739
2718
1887
3585
7122
2209
4242
7408
3387
9212
2290
1840
3869
8719
3701
3371
7469
8930
3804
7814
2590
3293
3489
5218
3867
9948
2210
1441
6052
1183
4571
1169
3719
2722
5717
5890
7076
7211
3810
3127
3059
1036
8640
3321
8429
1934
7553
4372
4193
5808
2710
3319
5046
1252
2530
3444
5778
9566
2104
6836
5525
8450
7046
1777
8565
8193
2686
6621
8800
1028
8182
4261
2792
8696
2521
9230
5553
4178
4652
1309
3341
6802
4761
8737
8667
2179
8584
5320
2123
7401
4658
8779
6003
1501
6582
5288
9400
5449
9099
4095
7630
9918
7460
3639
7633
3242
5162
4535
5476
9146
9811
6482
6910
3005
2547
3133
2159
9284
4624
9673
8861
9328
3446
4443
5407
9982
1641
2172
1634
4010
5259
7079
5292
6341
5434
3951
8362
8307
3136
3009
1843
7115
1098
4517
9145
6926
3271
5960
7174
5019
2642
3178
5860
8117
3887
3089
1595
2854
6679
7825
2703
4245
2611
3658
5275
9040
4005
7687
7090
2951
8629
8659
6062
8422
9388
3588
3049
9294
9120
5641
2651
1446